0 0
1 0
2 1
3 1
4 2
5 2
6 3
7 3
8 3
9 3
10 4
11 4
12 5
13 5
14 5
15 6
16 6
17 7
18 7
19 8
20 8
21 8
22 9
23 9
24 10
25 10
26 11
27 11
28 12
29 12
30 13
31 14
32 14
33 15
34 15
35 16
36 17
37 17
38 18
39 18
40 19
41 19
42 20
43 20
44 21
45 21
46 22
47 22
48 23
49 23
50 24
51 24
52 25
53 25
54 26
55 26
56 27
57 27
58 28
59 28
60 29
61 30
62 30
63 30
64 30
65 31
66 32
67 32
68 32
69 32
70 33
71 33
72 33
73 33
74 33
75 33
76 34
77 34
78 35
79 35
80 36
81 36
82 37
83 38
84 38
85 39
86 39
87 40
88 40
89 40
90 40
91 41
92 42
93 42
94 43
95 43
96 43
97 44
98 44
99 44
100 44
101 45
102 45
103 46
104 47
105 47
106 48
107 48
108 49
109 49
110 49
111 49
112 49
113 49
114 49
115 50
116 50
117 51
118 51
119 51
120 51
121 52
122 52
123 52
124 52
125 53
126 53
127 54
128 54
129 55
130 55
131 56
132 56
133 57
134 57
135 58
136 59
137 59
138 60
139 60
140 61
141 61
142 62
143 62
144 63
145 63
146 63
147 63
148 64
149 65
150 65
151 66
152 66
153 67
154 67
155 68
156 68
157 69
158 70
159 70
160 70
161 70
162 71
163 71
164 71
165 72
166 72
167 73
168 73
169 74
170 74
171 75
172 75
173 76
174 76
175 77
176 77
177 78
178 78
179 79
180 79
181 80
182 81
183 81
184 82
185 82
186 83
187 83
188 84
189 84
190 85
191 85
192 86
193 86
194 87
195 87
196 88
197 89
198 90
199 90
200 91
201 91
202 92
203 92
204 93
205 93
206 93
207 94
208 94
209 95
210 96
211 97
212 97
213 97
214 98
215 98
216 99
217 99
218 100
219 101
220 101
221 102
222 102
223 103
224 103
225 104
226 105
227 105
228 106
229 106
230 107
231 107
232 108
233 108
234 109
235 109
236 110
237 110
238 111
239 111
240 112
241 112
242 113
243 113
244 114
245 114
246 115
247 115
248 116
249 116
250 117
251 117
252 118
253 118
254 119
255 119
256 120
257 120
258 121
259 121
260 122
261 122
262 122
263 122
264 123
265 123
266 124
267 124
268 125
269 125
270 126
271 126
272 126
273 126
274 126
275 127
276 127
277 128
278 128
279 129
280 129
281 130
282 131
283 132
284 132
285 133
286 133
287 134
288 134
289 135
290 136
291 136
292 137
293 137
294 138
295 138
296 139
297 139
298 139
299 139
300 139
301 139
302 140
303 140
304 141
305 141
306 142
307 142
308 143
309 143
310 144
311 144
312 144
313 144
314 145
315 145
316 146
317 146
318 147
319 147
320 147
321 148
322 148
323 149
324 149
325 150
326 150
327 151
328 151
329 152
330 152
331 153
332 153
333 154
334 154
335 155
336 155
337 156
338 156
339 156
340 157
341 157
342 158
343 158
344 159
345 159
346 160
347 160
348 161
349 161
350 162
351 162
352 162
353 162
354 163
355 163
356 164
357 164
358 165
359 165
360 166
361 166
362 167
363 167
364 168
365 168
366 169
367 169
368 170
369 170
370 171
371 171
372 172
373 172
374 173
375 173
376 174
377 174
378 175
379 175
380 176
381 176
382 177
383 177
384 178
385 179
386 179
387 180
388 180
389 181
390 181
391 181
392 182
393 182
394 182
395 182
396 182
397 183
398 183
399 184
400 184
401 185
402 185
403 186
404 186
405 187
406 187
407 188
408 188
409 189
410 189
411 190
412 190
413 191
414 191
415 192
416 192
417 193
418 193
419 194
420 194
421 194
422 194
423 195
424 195
425 196
426 196
427 197
428 197
429 198
430 198
431 199
432 199
433 200
434 200
435 201
436 201
437 202
438 203
439 203
440 204
441 204
442 205
443 205
444 206
445 207
446 207
447 208
448 209
449 209
450 210
451 210
452 211
453 211
454 212
455 212
456 212
457 212
458 213
459 213
460 214
461 214
462 215
463 215
464 216
465 217
466 217
467 218
468 218
469 219
470 219
471 220
472 220
473 220
474 221
475 221
476 222
477 222
478 223
479 223
480 224
481 224
482 225
483 225
484 226
485 226
486 227
487 227
488 228
489 228
490 229
491 229
492 229
493 229
494 230
495 230
496 230
497 230
498 230
499 231
500 231
501 232
502 232
503 232
504 232
505 233
506 234
507 234
508 234
509 235
510 235
511 235
512 235
513 235
514 236
515 236
516 236
517 236
518 237
519 237
520 237
521 238
522 238
523 238
524 238
525 239
526 239
527 239
528 239
529 240
530 240
531 240
532 241
533 241
534 241
535 242
536 242
537 242
538 242
539 242
540 242
541 242
542 242
543 243
544 243
545 243
546 243
547 243
548 243
549 244
550 244
551 244
552 245
553 245
554 245
555 246
556 246
557 246
558 246
559 246
560 246
561 247
562 247
563 248
564 248
565 249
566 249
567 249
568 249
569 250
570 250
571 250
572 251
573 251
574 251
575 251
576 251
577 252
578 252
579 252
580 252
581 252
582 252
583 252
584 253
585 253
586 253
587 253
588 254
589 254
590 255
591 255
592 255
593 255
594 256
595 256
596 256
597 257
598 257
599 257
600 257
601 257
602 258
603 258
604 258
605 259
606 259
607 259
608 259
609 260
610 260
611 260
612 260
613 261
614 261
615 261
616 261
617 261
618 262
619 262
620 262
621 263
622 263
623 263
624 263
625 264
626 264
627 264
628 264
629 265
630 265
631 265
632 266
633 266
634 266
635 266
636 266
637 266
638 267
639 267
640 267
641 267
642 268
643 268
644 268
645 269
646 269
647 269
648 269
649 270
650 270
651 270
652 270
653 271
654 271
655 272
656 272
657 272
658 272
659 273
660 273
661 273
662 274
663 274
664 274
665 274
666 275
667 275
668 276
669 276
670 277
671 277
672 278
673 278
674 278
675 278
676 278
677 279
678 279
679 279
680 279
681 279
682 279
683 280
684 280
685 280
686 280
687 281
688 281
689 281
690 281
691 281
692 282
693 282
694 282
695 283
696 283
697 284
698 284
699 284
700 284
701 285
702 285
703 285
704 285
705 286
706 286
707 286
708 287
709 287
710 288
711 288
712 289
713 289
714 290
715 290
716 291
717 291
718 291
719 292
720 292
721 292
722 293
723 293
724 293
725 293
726 294
727 294
728 294
729 295
730 295
731 295
732 295
733 295
734 296
735 296
736 296
737 296
738 297
739 297
740 297
741 297
742 298
743 298
744 299
745 299
746 300
747 300
748 300
749 300
750 301
751 301
752 301
753 302
754 302
755 302
756 302
757 303
758 303
759 304
760 304
761 304
762 304
763 304
764 305
765 305
766 305
767 305
768 306
769 306
770 306
771 306
772 307
773 308
774 308
775 308
776 308
777 309
778 309
779 310
780 311
781 311
782 312
783 312
784 313
785 313
786 313
787 313
788 314
789 314
790 314
791 314
792 315
793 315
794 315
795 315
796 316
797 316
798 317
799 317
800 317
801 317
802 318
803 318
804 318
805 318
806 319
807 319
808 319
809 319
810 320
811 320
812 320
813 320
814 321
815 321
816 321
817 321
818 322
819 322
820 322
821 322
822 322
823 322
824 323
825 323
826 323
827 324
828 324
829 324
830 325
831 325
832 325
833 325
834 326
835 326
836 327
837 328
838 328
839 328
840 328
841 329
842 329
843 330
844 330
845 330
846 330
847 331
848 331
849 331
850 331
851 331
852 331
853 332
854 333
855 333
856 334
857 334
858 334
859 334
860 335
861 335
862 335
863 335
864 336
865 336
866 336
867 336
868 337
869 337
870 337
871 337
872 338
873 338
874 339
875 339
876 340
877 340
878 340
879 341
880 341
881 342
882 343
883 344
884 344
885 344
886 344
887 345
888 345
889 345
890 345
891 346
892 346
893 346
894 347
895 347
896 347
897 347
898 348
899 348
900 348
901 349
902 349
903 350
904 350
905 350
906 350
907 351
908 351
909 351
910 351
911 352
912 352
913 352
914 352
915 353
916 353
917 353
918 354
919 354
920 354
921 354
922 355
923 355
924 356
925 356
926 357
927 357
928 357
929 358
930 359
931 359
932 359
933 359
934 360
935 361
936 361
937 362
938 362
939 362
940 362
941 363
942 363
943 363
944 364
945 364
946 364
947 364
948 365
949 365
950 365
951 365
952 365
953 366
954 366
955 367
956 367
957 367
958 367
959 368
960 368
961 368
962 369
963 369
964 369
965 369
966 369
967 369
968 369
969 370
970 370
971 370
972 370
973 370
974 370
975 371
976 372
977 372
978 373
979 373
980 373
981 373
982 374
983 375
984 375
985 375
986 375
987 376
988 376
989 377
990 377
991 378
992 378
993 379
994 379
995 379
996 380
997 380
998 380
999 381
1000 381
1001 381
1002 381
1003 381
1004 382
1005 382
1006 383
1007 383
1008 384
1009 384
1010 384
1011 384
1012 385
1013 385
1014 385
1015 385
1016 386
1017 387
1018 387
1019 388
1020 388
1021 389
1022 389
1023 390
1024 390
1025 390
1026 390
1027 391
1028 391
1029 391
1030 392
1031 392
1032 392
1033 393
1034 393
1035 394
1036 394
1037 395
1038 395
1039 395
1040 395
1041 396
1042 396
1043 396
1044 396
1045 396
1046 397
1047 397
1048 397
1049 398
1050 398
1051 398
1052 398
1053 399
1054 399
1055 399
1056 400
1057 400
1058 401
1059 401
1060 401
1061 402
1062 402
1063 402
1064 402
1065 403
1066 403
1067 404
1068 404
1069 405
1070 405
1071 405
1072 405
1073 405
1074 405
1075 405
1076 405
1077 406
1078 406
1079 406
1080 407
1081 407
1082 407
1083 407
1084 408
1085 408
1086 408
1087 408
1088 409
1089 409
1090 409
1091 409
1092 409
1093 410
1094 410
1095 411
1096 411
1097 412
1098 412
1099 412
1100 412
1101 413
1102 413
1103 414
1104 414
1105 415
1106 415
1107 416
1108 416
1109 417
1110 417
1111 417
1112 417
1113 418
1114 418
1115 419
1116 419
1117 420
1118 420
1119 420
1120 420
1121 421
1122 421
1123 421
1124 421
1125 421
1126 421
1127 422
1128 422
1129 423
1130 423
1131 424
1132 424
1133 425
1134 425
1135 426
1136 426
1137 427
1138 427
1139 428
1140 428
1141 429
1142 429
1143 430
1144 430
1145 431
1146 431
1147 431
1148 432
1149 432
1150 433
1151 433
1152 434
1153 435
1154 436
1155 436
1156 437
1157 437
1158 438
1159 438
1160 439
1161 439
1162 440
1163 440
1164 440
1165 440
1166 441
1167 441
1168 442
1169 442
1170 443
1171 443
1172 444
1173 444
1174 445
1175 445
1176 446
1177 446
1178 447
1179 447
1180 448
1181 448
1182 449
1183 449
1184 449
1185 449
1186 450
1187 451
1188 451
1189 451
1190 452
1191 452
1192 453
1193 453
1194 454
1195 454
1196 455
1197 455
1198 456
1199 456
1200 457
1201 457
1202 458
1203 458
1204 459
1205 459
1206 460
1207 460
1208 461
1209 461
1210 462
1211 463
1212 463
1213 464
1214 464
1215 465
1216 465
1217 465
1218 466
1219 466
1220 467
1221 467
1222 468
1223 468
1224 469
1225 469
1226 470
1227 470
1228 471
1229 471
1230 472
1231 472
1232 473
1233 473
1234 474
1235 474
1236 475
1237 475
1238 476
1239 476
1240 477
1241 477
1242 478
1243 478
1244 479
1245 479
1246 480
1247 480
1248 481
1249 481
1250 482
1251 482
1252 483
1253 484
1254 484
1255 485
1256 485
1257 486
1258 486
1259 487
1260 487
1261 488
1262 488
1263 489
1264 489
1265 490
1266 490
1267 491
1268 491
1269 492
1270 492
1271 492
1272 492
1273 493
1274 493
1275 493
1276 494
1277 494
1278 495
1279 496
1280 496
1281 496
1282 497
1283 497
1284 498
1285 498
1286 498
1287 498
1288 499
1289 500
1290 500
1291 501
1292 501
1293 501
1294 501
1295 502
1296 502
1297 503
1298 503
1299 504
1300 504
1301 505
1302 505
1303 506
1304 506
1305 507
1306 507
1307 508
1308 508
1309 509
1310 509
1311 510
1312 510
1313 511
1314 511
1315 512
1316 512
1317 513
1318 513
1319 514
1320 515
1321 516
1322 516
1323 517
1324 517
1325 518
1326 518
1327 519
1328 520
1329 520
1330 520
1331 521
1332 521
1333 522
1334 522
1335 523
1336 523
1337 524
1338 524
1339 525
1340 525
1341 526
1342 527
1343 527
1344 528
1345 528
1346 529
1347 529
1348 530
1349 530
1350 531
1351 532
1352 533
1353 533
1354 534
1355 534
1356 535
1357 535
1358 536
1359 536
1360 537
1361 537
1362 537
1363 537
1364 537
1365 537
1366 538
1367 538
1368 539
1369 539
1370 540
1371 540
1372 541
1373 541
1374 541
1375 541
1376 542
1377 542
1378 543
1379 544
1380 544
1381 545
1382 546
1383 546
1384 547
1385 547
1386 548
1387 548
1388 549
1389 550
1390 550
1391 551
1392 551
1393 552
1394 552
1395 553
1396 553
1397 554
1398 554
1399 555
1400 555
1401 556
1402 556
1403 557
1404 557
1405 558
1406 558
1407 559
1408 559
1409 560
1410 560
1411 561
1412 561
1413 562
1414 562
1415 563
1416 563
1417 564
1418 565
1419 565
1420 566
1421 566
1422 567
1423 568
1424 568
1425 569
1426 570
1427 570
1428 571
1429 571
1430 572
1431 572
1432 573
1433 573
1434 574
1435 574
1436 575
1437 575
1438 576
1439 576
1440 577
1441 577
1442 578
1443 578
1444 579
1445 579
1446 580
1447 580
1448 581
1449 581
1450 581
1451 582
1452 582
1453 583
1454 583
1455 584
1456 584
1457 585
1458 585
1459 586
1460 586
1461 587
1462 587
1463 588
1464 588
1465 589
1466 589
1467 590
1468 590
1469 591
1470 591
1471 592
1472 593
1473 593
1474 594
1475 594
1476 595
1477 595
1478 596
1479 596
1480 597
1481 597
1482 598
1483 598
1484 598
1485 599
1486 599
1487 600
1488 601
1489 602
1490 602
1491 603
1492 603
1493 604
1494 604
1495 605
1496 605
1497 606
1498 606
1499 607
1500 607
1501 608
1502 608
1503 609
1504 609
1505 610
1506 610
1507 611
1508 611
1509 612
1510 612
1511 613
1512 613
1513 614
1514 614
1515 615
1516 615
1517 616
1518 616
1519 617
1520 618
1521 618
1522 619
1523 619
1524 620
1525 620
1526 621
1527 621
1528 622
1529 623
1530 623
1531 624
1532 624
1533 625
1534 625
1535 626
1536 626
1537 627
1538 627
1539 627
1540 628
1541 628
1542 629
1543 629
1544 630
1545 630
1546 631
1547 631
1548 632
1549 632
1550 633
1551 633
1552 634
1553 634
1554 634
1555 635
1556 635
1557 635
1558 635
1559 636
1560 636
1561 637
1562 637
1563 638
1564 638
1565 639
1566 639
1567 640
1568 640
1569 641
1570 641
1571 642
1572 642
1573 643
1574 643
1575 644
1576 645
1577 645
1578 646
1579 646
1580 647
1581 647
1582 648
1583 648
1584 649
1585 649
1586 650
1587 650
1588 651
1589 651
1590 652
1591 652
1592 653
1593 653
1594 654
1595 654
1596 655
1597 655
1598 656
1599 656
1600 657
1601 658
1602 658
1603 659
1604 660
1605 661
1606 661
1607 662
1608 662
1609 662
1610 662
1611 663
1612 663
1613 664
1614 664
1615 665
1616 665
1617 666
1618 666
1619 667
1620 667
1621 668
1622 668
1623 669
1624 669
1625 670
1626 670
1627 671
1628 672
1629 672
1630 673
1631 673
1632 674
1633 674
1634 675
1635 675
1636 676
1637 676
1638 677
1639 677
1640 678
1641 678
1642 679
1643 679
1644 680
1645 680
1646 681
1647 681
1648 681
1649 682
1650 682
1651 683
1652 683
1653 684
1654 684
1655 685
1656 685
1657 686
1658 686
1659 687
1660 687
1661 687
1662 687
1663 688
1664 688
1665 689
1666 689
1667 690
1668 690
1669 691
1670 691
1671 692
1672 692
1673 693
1674 693
1675 694
1676 694
1677 695
1678 695
1679 696
1680 696
1681 697
1682 697
1683 698
1684 698
1685 699
1686 699
1687 699
1688 700
1689 700
1690 700
1691 700
1692 701
1693 701
1694 702
1695 702
1696 703
1697 703
1698 704
1699 704
1700 705
1701 705
1702 706
1703 707
1704 708
1705 708
1706 709
1707 709
1708 710
1709 710
1710 711
1711 711
1712 712
1713 713
1714 714
1715 714
1716 715
1717 715
1718 716
1719 716
1720 717
1721 717
1722 718
1723 718
1724 718
1725 718
1726 718
1727 719
1728 719
1729 720
1730 720
1731 720
1732 721
1733 721
1734 722
1735 722
1736 723
1737 723
1738 724
1739 725
1740 725
1741 726
1742 726
1743 727
1744 727
1745 728
1746 729
1747 729
1748 730
1749 730
1750 731
1751 732
1752 732
1753 733
1754 733
1755 734
1756 735
1757 735
1758 736
1759 736
1760 737
1761 737
1762 737
1763 738
1764 738
1765 739
1766 739
1767 739
1768 739
1769 740
1770 740
1771 741
1772 741
1773 742
1774 742
1775 743
1776 743
1777 744
1778 745
1779 746
1780 746
1781 746
1782 746
1783 746
1784 746
1785 746
1786 746
1787 747
1788 747
1789 747
1790 747
1791 747
1792 747
1793 747
1794 747
1795 747
1796 747
1797 748
1798 748
1799 749
1800 749
1801 750
1802 750
1803 750
1804 751
1805 751
1806 752
1807 752
1808 753
1809 753
1810 754
1811 754
1812 755
1813 755
1814 756
1815 756
1816 757
1817 757
1818 758
1819 758
1820 759
1821 759
1822 760
1823 760
1824 761
1825 761
1826 762
1827 762
1828 763
1829 763
1830 764
1831 764
1832 765
1833 765
1834 766
1835 766
1836 767
1837 767
1838 768
1839 768
1840 769
1841 769
1842 769
1843 770
1844 770
1845 771
1846 771
1847 772
1848 772
1849 773
1850 773
1851 773
1852 774
1853 774
1854 775
1855 775
1856 776
1857 776
1858 776
1859 776
1860 777
1861 777
1862 778
1863 778
1864 779
1865 779
1866 780
1867 780
1868 781
1869 781
1870 782
1871 782
1872 783
1873 783
1874 783
1875 784
1876 784
1877 785
1878 785
1879 786
1880 786
1881 786
1882 787
1883 787
1884 788
1885 788
1886 789
1887 789
1888 790
1889 790
1890 791
1891 791
1892 792
1893 792
1894 793
1895 793
1896 794
1897 794
1898 795
1899 795
1900 795
1901 796
1902 796
1903 796
1904 797
1905 797
1906 798
1907 798
1908 798
1909 798
1910 799
1911 799
1912 800
1913 800
1914 800
1915 801
1916 801
1917 802
1918 802
1919 803
1920 803
1921 804
1922 804
1923 805
1924 805
1925 806
1926 806
1927 807
1928 807
1929 808
1930 808
1931 809
1932 809
1933 810
1934 810
1935 811
1936 811
1937 812
1938 812
1939 813
1940 813
1941 814
1942 814
1943 814
1944 814
1945 815
1946 815
1947 816
1948 816
1949 817
1950 817
1951 818
1952 818
1953 819
1954 819
1955 820
1956 821
1957 821
1958 822
1959 822
1960 822
1961 822
1962 823
1963 824
1964 824
1965 825
1966 825
1967 826
1968 826
1969 827
1970 827
1971 828
1972 828
1973 829
1974 829
1975 830
1976 830
1977 831
1978 831
1979 832
1980 832
1981 833
1982 833
1983 834
1984 834
1985 835
1986 835
1987 836
1988 836
1989 837
1990 837
1991 838
1992 838
1993 838
1994 838
1995 838
1996 838
1997 838
1998 839
1999 839
2000 840
2001 840
2002 841
2003 841
2004 842
2005 842
2006 843
2007 843
2008 844
2009 844
2010 845
2011 845
2012 846
2013 846
2014 847
2015 847
2016 848
2017 848
2018 849
2019 849
2020 850
2021 850
2022 851
2023 851
2024 852
2025 852
2026 853
2027 853
2028 854
2029 854
2030 855
2031 855
2032 856
2033 857
2034 857
2035 858
2036 858
2037 859
2038 859
2039 860
2040 860
2041 861
2042 861
2043 862
2044 862
2045 863
2046 863
2047 863
2048 863
2049 863
2050 864
2051 864
2052 865
2053 865
2054 866
2055 866
2056 867
2057 867
2058 867
2059 867
2060 868
2061 868
2062 869
2063 869
2064 869
2065 870
2066 870
2067 871
2068 871
2069 872
2070 872
2071 873
2072 873
2073 874
2074 874
2075 875
2076 876
2077 876
2078 877
2079 877
2080 878
2081 878
2082 879
2083 879
2084 880
2085 880
2086 881
2087 881
2088 882
2089 882
2090 883
2091 883
2092 883
2093 883
2094 884
2095 884
2096 885
2097 885
2098 886
2099 886
2100 887
2101 887
2102 888
2103 888
2104 889
2105 889
2106 890
2107 890
2108 891
2109 891
2110 892
2111 892
2112 893
2113 893
2114 894
2115 894
2116 895
2117 895
2118 895
2119 895
2120 896
2121 896
2122 897
2123 897
2124 898
2125 898
2126 899
2127 899
2128 900
2129 900
2130 901
2131 901
2132 902
2133 902
2134 903
2135 903
2136 903
2137 904
2138 904
2139 904
2140 904
2141 905
2142 905
2143 906
2144 906
2145 906
2146 907
2147 907
2148 907
2149 907
2150 908
2151 908
2152 909
2153 910
2154 910
2155 911
2156 911
2157 911
2158 912
2159 912
2160 913
2161 913
2162 914
2163 914
2164 915
2165 915
2166 916
2167 916
2168 916
2169 917
2170 917
2171 918
2172 919
2173 919
2174 920
2175 920
2176 921
2177 922
2178 922
2179 923
2180 923
2181 924
2182 924
2183 925
2184 925
2185 926
2186 926
2187 927
2188 927
2189 928
2190 928
2191 929
2192 929
2193 930
2194 930
2195 931
2196 931
2197 932
2198 932
2199 933
2200 933
2201 933
2202 933
2203 934
2204 934
2205 934
2206 934
2207 935
2208 935
2209 936
2210 936
2211 937
2212 937
2213 938
2214 938
2215 939
2216 939
2217 939
2218 939
2219 940
2220 940
2221 941
2222 941
2223 942
2224 942
2225 943
2226 943
2227 944
2228 944
2229 945
2230 945
2231 945
2232 945
2233 946
2234 946
2235 947
2236 948
2237 948
2238 949
2239 950
2240 951
2241 951
2242 952
2243 952
2244 953
2245 954
2246 954
2247 954
2248 955
2249 955
2250 956
2251 956
2252 957
2253 957
2254 958
2255 958
2256 959
2257 959
2258 960
2259 960
2260 961
2261 961
2262 962
2263 962
2264 963
2265 963
2266 964
2267 965
2268 965
2269 966
2270 966
2271 967
2272 967
2273 968
2274 968
2275 969
2276 969
2277 970
2278 971
2279 971
2280 972
2281 972
2282 973
2283 973
2284 974
2285 974
2286 974
2287 974
2288 975
2289 976
2290 976
2291 977
2292 977
2293 978
2294 978
2295 979
2296 979
2297 979
2298 979
2299 980
2300 980
2301 981
2302 982
2303 982
2304 983
2305 983
2306 984
2307 985
2308 985
2309 986
2310 986
2311 987
2312 987
2313 988
2314 988
2315 989
2316 989
2317 990
2318 990
2319 991
2320 991
2321 991
2322 991
2323 992
2324 992
2325 993
2326 993
2327 994
2328 995
2329 995
2330 996
2331 996
2332 997
2333 997
2334 997
2335 997
2336 998
2337 999
2338 1000
2339 1001
2340 1001
2341 1001
2342 1001
2343 1002
2344 1002
2345 1003
2346 1003
2347 1004
2348 1004
2349 1004
2350 1005
2351 1005
2352 1006
2353 1006
2354 1007
2355 1007
2356 1008
2357 1008
2358 1009
2359 1009
2360 1010
2361 1010
2362 1011
2363 1011
2364 1012
2365 1012
2366 1013
2367 1013
2368 1014
2369 1014
2370 1014
2371 1015
2372 1016
2373 1016
2374 1017
2375 1017
2376 1018
2377 1018
2378 1018
2379 1018
2380 1019
2381 1019
2382 1019
2383 1019
2384 1020
2385 1020
2386 1021
2387 1021
2388 1022
2389 1022
2390 1023
2391 1024
2392 1025
2393 1025
2394 1026
2395 1026
2396 1026
2397 1026
2398 1027
2399 1027
2400 1028
2401 1028
2402 1028
2403 1029
2404 1029
2405 1030
2406 1030
2407 1031
2408 1032
2409 1032
2410 1033
2411 1033
2412 1033
2413 1034
2414 1034
2415 1035
2416 1035
2417 1035
2418 1036
2419 1036
2420 1037
2421 1037
2422 1038
2423 1038
2424 1038
2425 1038
2426 1039
2427 1039
2428 1040
2429 1040
2430 1041
2431 1041
2432 1042
2433 1042
2434 1042
2435 1043
2436 1043
2437 1043
2438 1044
2439 1044
2440 1044
2441 1045
2442 1045
2443 1045
2444 1045
2445 1046
2446 1046
2447 1047
2448 1047
2449 1048
2450 1048
2451 1049
2452 1049
2453 1050
2454 1050
2455 1050
2456 1050
2457 1050
2458 1051
2459 1051
2460 1052
2461 1052
2462 1053
2463 1053
2464 1054
2465 1054
2466 1054
2467 1054
2468 1055
2469 1055
2470 1055
2471 1055
2472 1056
2473 1056
2474 1057
2475 1057
2476 1058
2477 1058
2478 1059
2479 1059
2480 1060
2481 1060
2482 1061
2483 1061
2484 1061
2485 1061
2486 1062
2487 1062
2488 1063
2489 1063
2490 1064
2491 1065
2492 1065
2493 1066
2494 1066
2495 1067
2496 1067
2497 1068
2498 1068
2499 1069
2500 1069
2501 1070
2502 1070
2503 1071
2504 1072
2505 1072
2506 1073
2507 1073
2508 1074
2509 1075
2510 1075
2511 1076
2512 1076
2513 1077
2514 1077
2515 1078
2516 1078
2517 1079
2518 1079
2519 1080
2520 1080
2521 1081
2522 1081
2523 1082
2524 1082
2525 1083
2526 1084
2527 1085
2528 1085
2529 1086
2530 1086
2531 1087
2532 1087
2533 1088
2534 1088
2535 1089
2536 1089
2537 1090
2538 1090
2539 1091
2540 1091
2541 1092
2542 1093
2543 1093
2544 1094
2545 1094
2546 1095
2547 1095
2548 1096
2549 1096
2550 1097
2551 1097
2552 1097
2553 1098
2554 1098
2555 1098
2556 1098
2557 1099
2558 1099
2559 1100
2560 1100
2561 1101
2562 1101
2563 1101
2564 1101
2565 1102
2566 1102
2567 1103
2568 1103
2569 1104
2570 1104
2571 1104
2572 1104
2573 1105
2574 1105
2575 1106
2576 1106
2577 1106
2578 1107
2579 1107
2580 1108
2581 1108
2582 1109
2583 1109
2584 1110
2585 1110
2586 1111
2587 1111
2588 1112
2589 1112
2590 1112
2591 1112
2592 1113
2593 1113
2594 1113
2595 1113
2596 1114
2597 1114
2598 1114
2599 1114
2600 1115
2601 1115
2602 1116
2603 1116
2604 1117
2605 1117
2606 1118
2607 1118
2608 1118
2609 1119
2610 1119
2611 1120
2612 1120
2613 1120
2614 1121
2615 1121
2616 1122
2617 1123
2618 1123
2619 1124
2620 1125
2621 1125
2622 1126
2623 1126
2624 1127
2625 1127
2626 1128
2627 1128
2628 1129
2629 1129
2630 1130
2631 1130
2632 1131
2633 1131
2634 1132
2635 1132
2636 1133
2637 1133
2638 1134
2639 1134
2640 1135
2641 1135
2642 1136
2643 1137
2644 1137
2645 1138
2646 1138
2647 1139
2648 1139
2649 1140
2650 1141
2651 1141
2652 1142
2653 1143
2654 1143
2655 1144
2656 1144
2657 1145
2658 1146
2659 1147
2660 1147
2661 1147
2662 1148
2663 1148
2664 1149
2665 1149
2666 1149
2667 1150
2668 1150
2669 1151
2670 1151
2671 1152
2672 1152
2673 1153
2674 1153
2675 1154
2676 1155
2677 1155
2678 1156
2679 1156
2680 1157
2681 1157
2682 1158
2683 1158
2684 1159
2685 1159
2686 1160
2687 1161
2688 1162
2689 1162
2690 1163
2691 1164
2692 1164
2693 1165
2694 1165
2695 1166
2696 1167
2697 1168
2698 1168
2699 1169
2700 1170
2701 1170
2702 1171
2703 1171
2704 1172
2705 1172
2706 1173
2707 1173
2708 1174
2709 1174
2710 1175
2711 1175
2712 1176
2713 1176
2714 1177
2715 1177
2716 1178
2717 1178
2718 1179
2719 1179
2720 1179
2721 1179
2722 1179
2723 1179
2724 1180
2725 1180
2726 1181
2727 1181
2728 1182
2729 1182
2730 1183
2731 1183
2732 1184
2733 1184
2734 1184
2735 1185
2736 1185
2737 1185
2738 1186
2739 1186
2740 1187
2741 1187
2742 1188
2743 1189
2744 1189
2745 1190
2746 1190
2747 1191
2748 1191
2749 1192
2750 1193
2751 1193
2752 1194
2753 1194
2754 1194
2755 1194
2756 1194
2757 1194
2758 1195
2759 1195
2760 1195
2761 1195
2762 1196
2763 1196
2764 1197
2765 1197
2766 1198
2767 1198
2768 1199
2769 1199
2770 1199
2771 1199
2772 1200
2773 1200
2774 1201
2775 1201
2776 1201
2777 1201
2778 1202
2779 1202
2780 1202
2781 1202
2782 1202
2783 1202
2784 1203
2785 1203
2786 1204
2787 1204
2788 1205
2789 1205
2790 1206
2791 1206
2792 1207
2793 1207
2794 1208
2795 1208
2796 1209
2797 1209
2798 1210
2799 1210
2800 1211
2801 1212
2802 1212
2803 1213
2804 1213
2805 1214
2806 1214
2807 1215
2808 1215
2809 1216
2810 1217
2811 1217
2812 1218
2813 1218
2814 1219
2815 1219
2816 1220
2817 1221
2818 1221
2819 1222
2820 1222
2821 1223
2822 1223
2823 1224
2824 1224
2825 1225
2826 1225
2827 1225
2828 1226
2829 1226
2830 1227
2831 1228
2832 1229
2833 1229
2834 1230
2835 1230
2836 1231
2837 1231
2838 1232
2839 1232
2840 1233
2841 1233
2842 1234
2843 1234
2844 1234
2845 1234
2846 1235
2847 1235
2848 1236
2849 1236
2850 1237
2851 1237
2852 1238
2853 1238
2854 1239
2855 1239
2856 1240
2857 1240
2858 1241
2859 1241
2860 1242
2861 1242
2862 1243
2863 1243
2864 1244
2865 1244
2866 1245
2867 1245
2868 1246
2869 1246
2870 1246
2871 1246
2872 1247
2873 1247
2874 1248
2875 1248
2876 1248
2877 1249
2878 1249
2879 1250
2880 1250
2881 1251
2882 1251
2883 1252
2884 1252
2885 1253
2886 1253
2887 1254
2888 1254
2889 1255
2890 1255
2891 1256
2892 1257
2893 1258
2894 1258
2895 1259
2896 1259
2897 1260
2898 1260
2899 1261
2900 1261
2901 1262
2902 1262
2903 1263
2904 1263
2905 1264
2906 1264
2907 1264
2908 1265
2909 1265
2910 1266
2911 1266
2912 1267
2913 1267
2914 1268
2915 1268
2916 1268
2917 1269
2918 1269
2919 1270
2920 1271
2921 1271
2922 1272
2923 1272
2924 1273
2925 1273
2926 1274
2927 1274
2928 1275
2929 1276
2930 1276
2931 1277
2932 1277
2933 1277
2934 1277
2935 1277
2936 1277
2937 1278
2938 1279
2939 1279
2940 1279
2941 1280
2942 1280
2943 1281
2944 1282
2945 1282
2946 1283
2947 1284
2948 1285
2949 1285
2950 1286
2951 1287
2952 1287
2953 1288
2954 1288
2955 1289
2956 1289
2957 1290
2958 1290
2959 1291
2960 1291
2961 1292
2962 1292
2963 1293
2964 1293
2965 1294
2966 1294
2967 1294
2968 1294
2969 1295
2970 1296
2971 1296
2972 1297
2973 1298
2974 1298
2975 1299
2976 1299
2977 1300
2978 1300
2979 1301
2980 1301
2981 1302
2982 1302
2983 1303
2984 1303
2985 1303
2986 1303
2987 1304
2988 1304
2989 1305
2990 1305
2991 1306
2992 1306
2993 1307
2994 1307
2995 1308
2996 1308
2997 1309
2998 1309
2999 1310
3000 1310
3001 1310
3002 1310
3003 1311
3004 1311
3005 1311
3006 1312
3007 1312
3008 1313
3009 1313
3010 1314
3011 1314
3012 1315
3013 1315
3014 1316
3015 1316
3016 1317
3017 1317
3018 1318
3019 1318
3020 1319
3021 1320
3022 1320
3023 1321
3024 1321
3025 1322
3026 1322
3027 1323
3028 1323
3029 1324
3030 1324
3031 1325
3032 1325
3033 1325
3034 1325
3035 1326
3036 1327
3037 1327
3038 1328
3039 1328
3040 1329
3041 1329
3042 1330
3043 1330
3044 1331
3045 1332
3046 1332
3047 1333
3048 1334
3049 1334
3050 1335
3051 1335
3052 1336
3053 1336
3054 1337
3055 1337
3056 1338
3057 1338
3058 1339
3059 1339
3060 1340
3061 1340
3062 1341
3063 1341
3064 1342
3065 1342
3066 1343
3067 1344
3068 1344
3069 1344
3070 1344
3071 1345
3072 1345
3073 1346
3074 1346
3075 1347
3076 1347
3077 1348
3078 1348
3079 1349
3080 1349
3081 1350
3082 1351
3083 1351
3084 1352
3085 1353
3086 1353
3087 1354
3088 1354
3089 1355
3090 1355
3091 1356
3092 1356
3093 1357
3094 1357
3095 1358
3096 1358
3097 1359
3098 1359
3099 1360
3100 1360
3101 1361
3102 1361
3103 1361
3104 1361
3105 1362
3106 1363
3107 1363
3108 1364
3109 1364
3110 1365
3111 1365
3112 1365
3113 1366
3114 1367
3115 1368
3116 1368
3117 1369
3118 1369
3119 1370
3120 1370
3121 1371
3122 1371
3123 1372
3124 1373
3125 1373
3126 1374
3127 1374
3128 1375
3129 1375
3130 1376
3131 1376
3132 1377
3133 1377
3134 1378
3135 1378
3136 1379
3137 1379
3138 1380
3139 1380
3140 1381
3141 1381
3142 1382
3143 1382
3144 1383
3145 1383
3146 1384
3147 1384
3148 1385
3149 1385
3150 1386
3151 1386
3152 1387
3153 1387
3154 1388
3155 1388
3156 1389
3157 1389
3158 1390
3159 1390
3160 1391
3161 1391
3162 1392
3163 1392
3164 1393
3165 1393
3166 1394
3167 1394
3168 1395
3169 1395
3170 1396
3171 1396
3172 1397
3173 1397
3174 1398
3175 1398
3176 1399
3177 1399
3178 1400
3179 1400
3180 1401
3181 1401
3182 1402
3183 1402
3184 1403
3185 1403
3186 1404
3187 1404
3188 1405
3189 1405
3190 1405
3191 1405
3192 1406
3193 1406
3194 1407
3195 1407
3196 1408
3197 1408
3198 1409
3199 1409
3200 1410
3201 1410
3202 1411
3203 1411
3204 1412
3205 1412
3206 1413
3207 1413
3208 1414
3209 1414
3210 1415
3211 1415
3212 1416
3213 1417
3214 1417
3215 1418
3216 1418
3217 1419
3218 1419
3219 1420
3220 1420
3221 1421
3222 1421
3223 1421
3224 1421
3225 1422
3226 1422
3227 1423
3228 1423
3229 1423
3230 1424
3231 1424
3232 1425
3233 1425
3234 1426
3235 1426
3236 1427
3237 1427
3238 1427
3239 1428
3240 1428
3241 1429
3242 1429
3243 1429
3244 1429
3245 1430
3246 1430
3247 1430
3248 1430
3249 1431
3250 1431
3251 1432
3252 1433
3253 1434
3254 1435
3255 1435
3256 1436
3257 1436
3258 1437
3259 1437
3260 1438
3261 1438
3262 1439
3263 1439
3264 1439
3265 1439
3266 1439
3267 1439
3268 1440
3269 1440
3270 1441
3271 1441
3272 1442
3273 1442
3274 1443
3275 1443
3276 1444
3277 1444
3278 1445
3279 1445
3280 1446
3281 1446
3282 1447
3283 1447
3284 1447
3285 1448
3286 1448
3287 1449
3288 1449
3289 1449
3290 1449
3291 1450
3292 1450
3293 1450
3294 1450
3295 1451
3296 1451
3297 1451
3298 1452
3299 1452
3300 1453
3301 1453
3302 1454
3303 1455
3304 1455
3305 1456
3306 1456
3307 1457
3308 1458
3309 1459
3310 1460
3311 1460
3312 1461
3313 1461
3314 1462
3315 1463
3316 1464
3317 1465
3318 1466
3319 1466
3320 1467
3321 1467
3322 1468
3323 1468
3324 1469
3325 1469
3326 1470
3327 1471
3328 1472
3329 1472
3330 1473
3331 1473
3332 1474
3333 1474
3334 1475
3335 1475
3336 1476
3337 1476
3338 1477
3339 1477
3340 1478
3341 1478
3342 1479
3343 1479
3344 1480
3345 1480
3346 1481
3347 1481
3348 1482
3349 1482
3350 1483
3351 1483
3352 1484
3353 1484
3354 1484
3355 1484
3356 1485
3357 1485
3358 1486
3359 1487
3360 1487
3361 1488
3362 1488
3363 1489
3364 1489
3365 1490
3366 1490
3367 1491
3368 1492
3369 1493
3370 1493
3371 1494
3372 1494
3373 1495
3374 1495
3375 1495
3376 1495
3377 1496
3378 1496
3379 1497
3380 1497
3381 1497
3382 1498
3383 1498
3384 1499
3385 1499
3386 1500
3387 1500
3388 1501
3389 1501
3390 1502
3391 1502
3392 1503
3393 1503
3394 1504
3395 1504
3396 1505
3397 1505
3398 1506
3399 1506
3400 1507
3401 1508
3402 1508
3403 1509
3404 1509
3405 1509
3406 1509
3407 1509
3408 1510
3409 1510
3410 1511
3411 1512
3412 1512
3413 1513
3414 1513
3415 1514
3416 1514
3417 1515
3418 1515
3419 1516
3420 1516
3421 1517
3422 1517
3423 1518
3424 1519
3425 1519
3426 1520
3427 1521
3428 1521
3429 1522
3430 1522
3431 1523
3432 1523
3433 1524
3434 1524
3435 1525
3436 1525
3437 1526
3438 1526
3439 1527
3440 1527
3441 1528
3442 1529
3443 1530
3444 1530
3445 1531
3446 1531
3447 1532
3448 1532
3449 1533
3450 1533
3451 1534
3452 1534
3453 1535
3454 1535
3455 1536
3456 1536
3457 1536
3458 1536
3459 1537
3460 1537
3461 1538
3462 1539
3463 1539
3464 1540
3465 1540
3466 1541
3467 1541
3468 1542
3469 1542
3470 1543
3471 1543
3472 1544
3473 1544
3474 1545
3475 1546
3476 1546
3477 1547
3478 1548
3479 1548
3480 1548
3481 1548
3482 1548
3483 1548
3484 1549
3485 1549
3486 1549
3487 1549
3488 1550
3489 1550
3490 1550
3491 1550
3492 1551
3493 1551
3494 1551
3495 1551
3496 1552
3497 1552
3498 1552
3499 1552
3500 1553
3501 1553
3502 1554
3503 1554
3504 1555
3505 1555
3506 1556
3507 1556
3508 1557
3509 1558
3510 1558
3511 1559
3512 1559
3513 1560
3514 1560
3515 1561
3516 1561
3517 1562
3518 1562
3519 1563
3520 1563
3521 1563
3522 1563
3523 1563
3524 1563
3525 1564
3526 1565
3527 1565
3528 1566
3529 1566
3530 1567
3531 1567
3532 1568
3533 1568
3534 1569
3535 1569
3536 1569
3537 1569
3538 1570
3539 1571
3540 1571
3541 1572
3542 1572
3543 1572
3544 1572
3545 1573
3546 1573
3547 1574
3548 1574
3549 1575
3550 1575
3551 1575
3552 1576
3553 1576
3554 1577
3555 1577
3556 1578
3557 1578
3558 1579
3559 1580
3560 1580
3561 1581
3562 1582
3563 1582
3564 1582
3565 1582
3566 1583
3567 1583
3568 1584
3569 1584
3570 1585
3571 1585
3572 1585
3573 1586
3574 1586
3575 1587
3576 1587
3577 1588
3578 1588
3579 1589
3580 1589
3581 1590
3582 1590
3583 1591
3584 1591
3585 1592
3586 1593
3587 1593
3588 1593
3589 1593
3590 1594
3591 1594
3592 1595
3593 1595
3594 1596
3595 1596
3596 1597
3597 1597
3598 1598
3599 1598
3600 1599
3601 1599
3602 1600
3603 1601
3604 1601
3605 1602
3606 1602
3607 1603
3608 1604
3609 1604
3610 1605
3611 1605
3612 1605
3613 1606
3614 1606
3615 1607
3616 1607
3617 1608
3618 1608
3619 1609
3620 1609
3621 1610
3622 1610
3623 1611
3624 1611
3625 1612
3626 1612
3627 1613
3628 1613
3629 1614
3630 1614
3631 1615
3632 1615
3633 1616
3634 1616
3635 1617
3636 1617
3637 1618
3638 1618
3639 1619
3640 1619
3641 1620
3642 1621
3643 1621
3644 1622
3645 1622
3646 1623
3647 1623
3648 1624
3649 1624
3650 1625
3651 1625
3652 1626
3653 1626
3654 1627
3655 1627
3656 1627
3657 1627
3658 1628
3659 1628
3660 1628
3661 1629
3662 1629
3663 1629
3664 1629
3665 1629
3666 1630
3667 1631
3668 1631
3669 1632
3670 1633
3671 1633
3672 1634
3673 1634
3674 1634
3675 1634
3676 1635
3677 1635
3678 1636
3679 1636
3680 1637
3681 1637
3682 1638
3683 1638
3684 1638
3685 1638
3686 1639
3687 1639
3688 1640
3689 1640
3690 1641
3691 1641
3692 1642
3693 1642
3694 1643
3695 1643
3696 1644
3697 1644
3698 1645
3699 1645
3700 1645
3701 1645
3702 1646
3703 1646
3704 1647
3705 1648
3706 1648
3707 1649
3708 1649
3709 1650
3710 1650
3711 1651
3712 1651
3713 1651
3714 1652
3715 1652
3716 1653
3717 1653
3718 1654
3719 1654
3720 1655
3721 1655
3722 1656
3723 1656
3724 1657
3725 1657
3726 1658
3727 1658
3728 1659
3729 1659
3730 1660
3731 1660
3732 1661
3733 1661
3734 1662
3735 1662
3736 1663
3737 1664
3738 1664
3739 1665
3740 1665
3741 1666
3742 1666
3743 1667
3744 1667
3745 1668
3746 1668
3747 1669
3748 1669
3749 1670
3750 1670
3751 1671
3752 1671
3753 1672
3754 1672
3755 1673
3756 1673
3757 1674
3758 1674
3759 1675
3760 1675
3761 1676
3762 1676
3763 1677
3764 1677
3765 1677
3766 1677
3767 1678
3768 1678
3769 1679
3770 1679
3771 1679
3772 1679
3773 1680
3774 1681
3775 1681
3776 1682
3777 1682
3778 1683
3779 1683
3780 1684
3781 1684
3782 1685
3783 1685
3784 1685
3785 1686
3786 1686
3787 1687
3788 1687
3789 1688
3790 1689
3791 1689
3792 1689
3793 1689
3794 1690
3795 1690
3796 1691
3797 1691
3798 1692
3799 1693
3800 1693
3801 1693
3802 1693
3803 1694
3804 1694
3805 1695
3806 1695
3807 1696
3808 1696
3809 1697
3810 1697
3811 1697
3812 1698
3813 1698
3814 1699
3815 1699
3816 1699
3817 1699
3818 1700
3819 1700
3820 1701
3821 1701
3822 1702
3823 1703
3824 1703
3825 1704
3826 1704
3827 1704
3828 1704
3829 1705
3830 1706
3831 1706
3832 1707
3833 1707
3834 1708
3835 1708
3836 1708
3837 1708
3838 1709
3839 1709
3840 1710
3841 1711
3842 1711
3843 1712
3844 1712
3845 1713
3846 1713
3847 1714
3848 1714
3849 1714
3850 1714
3851 1714
3852 1715
3853 1715
3854 1716
3855 1716
3856 1717
3857 1717
3858 1718
3859 1718
3860 1718
3861 1718
3862 1719
3863 1719
3864 1720
3865 1720
3866 1720
3867 1720
3868 1721
3869 1721
3870 1722
3871 1722
3872 1723
3873 1723
3874 1723
3875 1724
3876 1724
3877 1724
3878 1725
3879 1725
3880 1726
3881 1726
3882 1726
3883 1727
3884 1727
3885 1728
3886 1728
3887 1728
3888 1729
3889 1729
3890 1729
3891 1729
3892 1730
3893 1731
3894 1731
3895 1732
3896 1732
3897 1732
3898 1732
3899 1733
3900 1734
3901 1734
3902 1734
3903 1734
3904 1734
3905 1734
3906 1734
3907 1735
3908 1735
3909 1735
3910 1735
3911 1736
3912 1736
3913 1737
3914 1737
3915 1738
3916 1738
3917 1739
3918 1739
3919 1740
3920 1740
3921 1741
3922 1741
3923 1742
3924 1742
3925 1743
3926 1743
3927 1744
3928 1744
3929 1745
3930 1745
3931 1746
3932 1746
3933 1747
3934 1747
3935 1747
3936 1747
3937 1748
3938 1749
3939 1749
3940 1750
3941 1751
3942 1751
3943 1752
3944 1752
3945 1753
3946 1753
3947 1754
3948 1754
3949 1755
3950 1755
3951 1756
3952 1756
3953 1757
3954 1757
3955 1757
3956 1757
3957 1758
3958 1758
3959 1759
3960 1759
3961 1760
3962 1760
3963 1761
3964 1761
3965 1761
3966 1761
3967 1762
3968 1762
3969 1763
3970 1763
3971 1764
3972 1764
3973 1765
3974 1765
3975 1766
3976 1766
3977 1767
3978 1767
3979 1768
3980 1768
3981 1769
3982 1769
3983 1770
3984 1770
3985 1771
3986 1771
3987 1772
3988 1772
3989 1773
3990 1773
3991 1774
3992 1774
3993 1775
3994 1775
3995 1775
3996 1776
3997 1776
3998 1777
3999 1777
4000 1778
4001 1778
4002 1779
4003 1779
4004 1780
4005 1781
4006 1781
4007 1782
4008 1782
4009 1783
4010 1783
4011 1784
4012 1784
4013 1785
4014 1785
4015 1786
4016 1786
4017 1787
4018 1787
4019 1788
4020 1788
4021 1789
4022 1789
4023 1790
4024 1790
4025 1791
4026 1791
4027 1792
4028 1792
4029 1793
4030 1793
4031 1794
4032 1794
4033 1794
4034 1794
4035 1794
4036 1794
4037 1795
4038 1795
4039 1796
4040 1797
4041 1798
4042 1799
4043 1800
4044 1801
4045 1801
4046 1802
4047 1802
4048 1803
4049 1803
4050 1804
4051 1804
4052 1804
4053 1804
4054 1804
4055 1804
4056 1805
4057 1805
4058 1806
4059 1806
4060 1807
4061 1807
4062 1807
4063 1807
4064 1807
4065 1807
4066 1807
4067 1807
4068 1808
4069 1808
4070 1808
4071 1808
4072 1808
4073 1808
4074 1808
4075 1809
4076 1809
4077 1810
4078 1810
4079 1811
4080 1811
4081 1812
4082 1812
4083 1813
4084 1814
4085 1815
4086 1815
4087 1816
4088 1816
4089 1817
4090 1817
4091 1818
4092 1818
4093 1819
4094 1819
4095 1820
4096 1821
4097 1822
4098 1822
4099 1823
4100 1823
4101 1824
4102 1824
4103 1825
4104 1825
4105 1825
4106 1826
4107 1826
4108 1826
4109 1827
4110 1827
4111 1827
4112 1827
4113 1827
4114 1828
4115 1828
4116 1828
4117 1828
4118 1829
4119 1829
4120 1830
4121 1831
4122 1831
4123 1832
4124 1832
4125 1833
4126 1833
4127 1834
4128 1834
4129 1835
4130 1836
4131 1836
4132 1837
4133 1837
4134 1838
4135 1838
4136 1839
4137 1839
4138 1839
4139 1839
4140 1840
4141 1840
4142 1841
4143 1841
4144 1842
4145 1842
4146 1843
4147 1843
4148 1844
4149 1844
4150 1845
4151 1845
4152 1846
4153 1846
4154 1846
4155 1847
4156 1847
4157 1848
4158 1848
4159 1849
4160 1849
4161 1849
4162 1849
4163 1850
4164 1850
4165 1851
4166 1851
4167 1851
4168 1851
4169 1852
4170 1852
4171 1853
4172 1853
4173 1854
4174 1854
4175 1855
4176 1855
4177 1856
4178 1856
4179 1857
4180 1857
4181 1858
4182 1858
4183 1858
4184 1859
4185 1859
4186 1860
4187 1860
4188 1861
4189 1862
4190 1862
4191 1863
4192 1863
4193 1864
4194 1864
4195 1865
4196 1865
4197 1866
4198 1866
4199 1867
4200 1867
4201 1868
4202 1868
4203 1868
4204 1869
4205 1869
4206 1870
4207 1870
4208 1871
4209 1871
4210 1872
4211 1872
4212 1872
4213 1872
4214 1873
4215 1873
4216 1873
4217 1874
4218 1874
4219 1874
4220 1874
4221 1875
4222 1875
4223 1876
4224 1876
4225 1877
4226 1877
4227 1878
4228 1878
4229 1879
4230 1879
4231 1880
4232 1880
4233 1881
4234 1881
4235 1881
4236 1881
4237 1882
4238 1882
4239 1883
4240 1883
4241 1884
4242 1884
4243 1885
4244 1885
4245 1886
4246 1886
4247 1887
4248 1887
4249 1888
4250 1888
4251 1889
4252 1889
4253 1890
4254 1891
4255 1891
4256 1892
4257 1892
4258 1893
4259 1893
4260 1894
4261 1894
4262 1895
4263 1895
4264 1896
4265 1896
4266 1897
4267 1897
4268 1898
4269 1898
4270 1898
4271 1898
4272 1899
4273 1899
4274 1900
4275 1901
4276 1901
4277 1902
4278 1902
4279 1902
4280 1902
4281 1903
4282 1903
4283 1904
4284 1904
4285 1904
4286 1904
4287 1905
4288 1905
4289 1906
4290 1906
4291 1907
4292 1907
4293 1908
4294 1908
4295 1908
4296 1908
4297 1909
4298 1909
4299 1910
4300 1911
4301 1911
4302 1912
4303 1912
4304 1912
4305 1913
4306 1913
4307 1914
4308 1914
4309 1915
4310 1915
4311 1916
4312 1916
4313 1917
4314 1917
4315 1918
4316 1918
4317 1918
4318 1919
4319 1919
4320 1920
4321 1920
4322 1921
4323 1921
4324 1922
4325 1922
4326 1923
4327 1923
4328 1923
4329 1924
4330 1924
4331 1925
4332 1925
4333 1926
4334 1926
4335 1927
4336 1928
4337 1928
4338 1928
4339 1928
4340 1929
4341 1930
4342 1931
4343 1931
4344 1931
4345 1931
4346 1932
4347 1932
4348 1933
4349 1933
4350 1934
4351 1934
4352 1935
4353 1935
4354 1935
4355 1936
4356 1936
4357 1937
4358 1937
4359 1938
4360 1939
4361 1939
4362 1940
4363 1940
4364 1941
4365 1941
4366 1942
4367 1942
4368 1943
4369 1943
4370 1944
4371 1944
4372 1945
4373 1946
4374 1946
4375 1947
4376 1947
4377 1948
4378 1948
4379 1949
4380 1949
4381 1949
4382 1949
4383 1950
4384 1950
4385 1951
4386 1952
4387 1952
4388 1953
4389 1953
4390 1954
4391 1955
4392 1955
4393 1956
4394 1956
4395 1957
4396 1957
4397 1957
4398 1958
4399 1958
4400 1959
4401 1959
4402 1959
4403 1959
4404 1960
4405 1960
4406 1961
4407 1961
4408 1961
4409 1961
4410 1962
4411 1962
4412 1963
4413 1963
4414 1963
4415 1964
4416 1965
4417 1965
4418 1965
4419 1965
4420 1966
4421 1966
4422 1967
4423 1967
4424 1967
4425 1967
4426 1967
4427 1967
4428 1968
4429 1968
4430 1968
4431 1968
4432 1969
4433 1969
4434 1969
4435 1969
4436 1970
4437 1970
4438 1971
4439 1971
4440 1972
4441 1972
4442 1973
4443 1973
4444 1974
4445 1974
4446 1975
4447 1976
4448 1976
4449 1977
4450 1978
4451 1978
4452 1979
4453 1979
4454 1980
4455 1980
4456 1981
4457 1981
4458 1981
4459 1981
4460 1981
4461 1982
4462 1982
4463 1983
4464 1983
4465 1984
4466 1985
4467 1985
4468 1986
4469 1986
4470 1987
4471 1987
4472 1988
4473 1988
4474 1989
4475 1989
4476 1989
4477 1990
4478 1990
4479 1991
4480 1992
4481 1992
4482 1993
4483 1993
4484 1994
4485 1994
4486 1995
4487 1996
4488 1996
4489 1997
4490 1997
4491 1998
4492 1998
4493 1999
4494 1999
4495 2000
4496 2000
4497 2001
4498 2002
4499 2002
4500 2003
4501 2004
4502 2005
4503 2006
4504 2006
4505 2007
4506 2007
4507 2008
4508 2008
4509 2009
4510 2009
4511 2010
4512 2011
4513 2011
4514 2011
4515 2011
4516 2012
4517 2012
4518 2013
4519 2014
4520 2015
4521 2015
4522 2016
4523 2016
4524 2017
4525 2017
4526 2018
4527 2018
4528 2019
4529 2019
4530 2020
4531 2021
4532 2021
4533 2022
4534 2022
4535 2023
4536 2023
4537 2023
4538 2024
4539 2024
4540 2024
4541 2024
4542 2025
4543 2025
4544 2026
4545 2026
4546 2027
4547 2027
4548 2028
4549 2028
4550 2029
4551 2029
4552 2030
4553 2030
4554 2031
4555 2031
4556 2032
4557 2032
4558 2032
4559 2033
4560 2033
4561 2034
4562 2034
4563 2035
4564 2035
4565 2036
4566 2036
4567 2037
4568 2037
4569 2037
4570 2037
4571 2038
4572 2038
4573 2039
4574 2039
4575 2040
4576 2040
4577 2041
4578 2041
4579 2042
4580 2043
4581 2044
4582 2044
4583 2045
4584 2045
4585 2046
4586 2046
4587 2047
4588 2047
4589 2048
4590 2048
4591 2049
4592 2049
4593 2050
4594 2051
4595 2051
4596 2052
4597 2052
4598 2053
4599 2053
4600 2054
4601 2055
4602 2055
4603 2056
4604 2056
4605 2057
4606 2057
4607 2058
4608 2058
4609 2059
4610 2059
4611 2060
4612 2060
4613 2061
4614 2061
4615 2062
4616 2063
4617 2063
4618 2064
4619 2064
4620 2065
4621 2065
4622 2066
4623 2066
4624 2067
4625 2067
4626 2068
4627 2068
4628 2069
4629 2069
4630 2070
4631 2070
4632 2071
4633 2071
4634 2072
4635 2072
4636 2073
4637 2073
4638 2074
4639 2074
4640 2074
4641 2074
4642 2075
4643 2075
4644 2076
4645 2076
4646 2077
4647 2078
4648 2079
4649 2080
4650 2080
4651 2081
4652 2081
4653 2082
4654 2082
4655 2083
4656 2083
4657 2084
4658 2084
4659 2085
4660 2085
4661 2086
4662 2086
4663 2087
4664 2087
4665 2088
4666 2088
4667 2089
4668 2089
4669 2090
4670 2091
4671 2091
4672 2092
4673 2093
4674 2093
4675 2094
4676 2095
4677 2095
4678 2096
4679 2096
4680 2096
4681 2097
4682 2098
4683 2099
4684 2100
4685 2101
4686 2102
4687 2102
4688 2102
4689 2102
4690 2103
4691 2103
4692 2103
4693 2103
4694 2104
4695 2104
4696 2105
4697 2105
4698 2106
4699 2106
4700 2107
4701 2107
4702 2107
4703 2107
4704 2107
4705 2108
4706 2108
4707 2108
4708 2108
4709 2109
4710 2109
4711 2110
4712 2110
4713 2110
4714 2110
4715 2110
4716 2110
4717 2110
4718 2110
4719 2111
4720 2111
4721 2112
4722 2112
4723 2112
4724 2112
4725 2113
4726 2113
4727 2114
4728 2114
4729 2115
4730 2115
4731 2116
4732 2116
4733 2117
4734 2118
4735 2119
4736 2119
4737 2119
4738 2120
4739 2120
4740 2121
4741 2121
4742 2122
4743 2122
4744 2123
4745 2123
4746 2124
4747 2124
4748 2125
4749 2125
4750 2126
4751 2127
4752 2128
4753 2128
4754 2129
4755 2129
4756 2129
4757 2129
4758 2130
4759 2130
4760 2131
4761 2131
4762 2132
4763 2132
4764 2133
4765 2133
4766 2134
4767 2134
4768 2135
4769 2135
4770 2136
4771 2136
4772 2137
4773 2138
4774 2138
4775 2139
4776 2139
4777 2140
4778 2140
4779 2141
4780 2141
4781 2142
4782 2143
4783 2144
4784 2145
4785 2145
4786 2145
4787 2145
4788 2145
4789 2146
4790 2146
4791 2147
4792 2147
4793 2148
4794 2148
4795 2149
4796 2149
4797 2150
4798 2150
4799 2150
4800 2151
4801 2151
4802 2152
4803 2152
4804 2153
4805 2153
4806 2154
4807 2154
4808 2155
4809 2155
4810 2156
4811 2156
4812 2157
4813 2157
4814 2158
4815 2158
4816 2158
4817 2158
4818 2159
4819 2159
4820 2160
4821 2160
4822 2160
4823 2161
4824 2161
4825 2162
4826 2162
4827 2162
4828 2163
4829 2163
4830 2164
4831 2164
4832 2165
4833 2165
4834 2166
4835 2166
4836 2167
4837 2167
4838 2168
4839 2168
4840 2169
4841 2169
4842 2170
4843 2170
4844 2171
4845 2172
4846 2172
4847 2173
4848 2173
4849 2174
4850 2174
4851 2174
4852 2174
4853 2175
4854 2175
4855 2176
4856 2176
4857 2177
4858 2177
4859 2178
4860 2178
4861 2179
4862 2179
4863 2180
4864 2180
4865 2181
4866 2181
4867 2182
4868 2182
4869 2183
4870 2183
4871 2183
4872 2183
4873 2184
4874 2184
4875 2185
4876 2185
4877 2186
4878 2186
4879 2187
4880 2188
4881 2188
4882 2189
4883 2189
4884 2190
4885 2190
4886 2191
4887 2192
4888 2192
4889 2193
4890 2193
4891 2193
4892 2194
4893 2194
4894 2194
4895 2194
4896 2195
4897 2195
4898 2196
4899 2196
4900 2197
4901 2197
4902 2197
4903 2197
4904 2198
4905 2198
4906 2198
4907 2198
4908 2199
4909 2199
4910 2200
4911 2200
4912 2201
4913 2201
4914 2201
4915 2201
4916 2201
4917 2202
4918 2202
4919 2202
4920 2202
4921 2203
4922 2203
4923 2204
4924 2204
4925 2205
4926 2205
4927 2206
4928 2206
4929 2207
4930 2207
4931 2208
4932 2209
4933 2209
4934 2210
4935 2210
4936 2211
4937 2211
4938 2212
4939 2212
4940 2213
4941 2213
4942 2213
4943 2213
4944 2214
4945 2214
4946 2214
4947 2214
4948 2215
4949 2216
4950 2216
4951 2216
4952 2217
4953 2217
4954 2218
4955 2219
4956 2219
4957 2220
4958 2220
4959 2220
4960 2220
4961 2221
4962 2221
4963 2221
4964 2221
4965 2222
4966 2222
4967 2223
4968 2223
4969 2224
4970 2224
4971 2224
4972 2224
4973 2224
4974 2224
4975 2225
4976 2225
4977 2226
4978 2226
4979 2227
4980 2227
4981 2228
4982 2228
4983 2229
4984 2229
4985 2230
4986 2230
4987 2231
4988 2231
4989 2232
4990 2232
4991 2233
4992 2233
4993 2234
4994 2235
4995 2235
4996 2236
4997 2236
4998 2236
4999 2236
5000 2237
5001 2237
5002 2237
5003 2237
5004 2238
5005 2238
5006 2239
5007 2239
5008 2239
5009 2239
5010 2240
5011 2241
5012 2241
5013 2242
5014 2242
5015 2242
5016 2242
5017 2242
5018 2243
5019 2243
5020 2244
5021 2244
5022 2244
5023 2245
5024 2246
5025 2246
5026 2247
5027 2247
5028 2248
5029 2248
5030 2249
5031 2249
5032 2250
5033 2250
5034 2251
5035 2251
5036 2252
5037 2252
5038 2253
5039 2253
5040 2254
5041 2254
5042 2255
5043 2255
5044 2256
5045 2257
5046 2258
5047 2258
5048 2259
5049 2259
5050 2260
5051 2260
5052 2261
5053 2261
5054 2262
5055 2263
5056 2264
5057 2264
5058 2265
5059 2265
5060 2266
5061 2266
5062 2266
5063 2267
5064 2267
5065 2267
5066 2268
5067 2268
5068 2269
5069 2269
5070 2270
5071 2270
5072 2271
5073 2271
5074 2271
5075 2271
5076 2272
5077 2272
5078 2273
5079 2273
5080 2274
5081 2274
5082 2275
5083 2275
5084 2276
5085 2276
5086 2277
5087 2277
5088 2278
5089 2278
5090 2279
5091 2279
5092 2280
5093 2280
5094 2280
5095 2280
5096 2280
5097 2280
5098 2280
5099 2280
5100 2280
5101 2281
5102 2282
5103 2282
5104 2282
5105 2282
5106 2282
5107 2283
5108 2284
5109 2284
5110 2284
5111 2284
5112 2285
5113 2285
5114 2285
5115 2285
5116 2285
5117 2285
5118 2285
5119 2286
5120 2286
5121 2286
5122 2286
5123 2286
5124 2286
5125 2287
5126 2287
5127 2288
5128 2288
5129 2288
5130 2288
5131 2288
5132 2288
5133 2289
5134 2289
5135 2290
5136 2290
5137 2290
5138 2290
5139 2291
5140 2291
5141 2292
5142 2293
5143 2293
5144 2294
5145 2294
5146 2294
5147 2294
5148 2295
5149 2295
5150 2295
5151 2295
5152 2295
5153 2295
5154 2296
5155 2296
5156 2296
5157 2296
5158 2297
5159 2297
5160 2298
5161 2298
5162 2298
5163 2298
5164 2299
5165 2299
5166 2300
5167 2300
5168 2300
5169 2300
5170 2300
5171 2300
5172 2301
5173 2301
5174 2301
5175 2301
5176 2302
5177 2302
5178 2302
5179 2302
5180 2303
5181 2303
5182 2304
5183 2304
5184 2304
5185 2304
5186 2305
5187 2305
5188 2305
5189 2305
5190 2305
5191 2306
5192 2306
5193 2307
5194 2307
5195 2307
5196 2308
5197 2308
5198 2309
5199 2309
5200 2310
5201 2310
5202 2311
5203 2311
5204 2311
5205 2311
5206 2312
5207 2312
5208 2313
5209 2313
5210 2314
5211 2314
5212 2314
5213 2314
5214 2314
5215 2314
5216 2314
5217 2314
5218 2314
5219 2315
5220 2315
5221 2315
5222 2315
5223 2316
5224 2316
5225 2316
5226 2316
5227 2316
5228 2317
5229 2317
5230 2317
5231 2317
5232 2318
5233 2318
5234 2318
5235 2318
5236 2318
5237 2318
5238 2319
5239 2319
5240 2320
5241 2320
5242 2320
5243 2320
5244 2320
5245 2320
5246 2320
5247 2320
5248 2320
5249 2320
5250 2320
5251 2320
5252 2320
5253 2320
5254 2321
5255 2321
5256 2322
5257 2322
5258 2322
5259 2322
5260 2322
5261 2322
5262 2322
5263 2322
5264 2323
5265 2323
5266 2323
5267 2323
5268 2323
5269 2323
5270 2323
5271 2324
5272 2324
5273 2324
5274 2324
5275 2325
5276 2325
5277 2325
5278 2326
5279 2327
5280 2327
5281 2327
5282 2327
5283 2327
5284 2328
5285 2328
5286 2328
5287 2328
5288 2329
5289 2329
5290 2329
5291 2329
5292 2330
5293 2330
5294 2331
5295 2331
5296 2331
5297 2331
5298 2332
5299 2332
5300 2332
5301 2332
5302 2333
5303 2333
5304 2333
5305 2333
5306 2333
5307 2333
5308 2334
5309 2335
5310 2335
5311 2335
5312 2335
5313 2336
5314 2336
5315 2336
5316 2336
5317 2337
5318 2337
5319 2338
5320 2338
5321 2338
5322 2338
5323 2339
5324 2339
5325 2339
5326 2339
5327 2339
5328 2339
5329 2340
5330 2340
5331 2340
5332 2340
5333 2341
5334 2341
5335 2341
5336 2341
5337 2341
5338 2341
5339 2342
5340 2342
5341 2342
5342 2342
5343 2343
5344 2343
5345 2343
5346 2343
5347 2343
5348 2343
5349 2344
5350 2344
5351 2344
5352 2344
5353 2344
5354 2344
5355 2344
5356 2345
5357 2345
5358 2345
5359 2345
5360 2345
5361 2345
5362 2346
5363 2346
5364 2346
5365 2346
5366 2347
5367 2347
5368 2348
5369 2348
5370 2348
5371 2348
5372 2348
5373 2349
5374 2349
5375 2349
5376 2349
5377 2349
5378 2350
5379 2350
5380 2350
5381 2350
5382 2350
5383 2350
5384 2350
5385 2350
5386 2351
5387 2351
5388 2351
5389 2351
5390 2352
5391 2352
5392 2352
5393 2352
5394 2352
5395 2352
5396 2352
5397 2352
5398 2352
5399 2353
5400 2353
5401 2353
5402 2353
5403 2353
5404 2354
5405 2354
5406 2354
5407 2354
5408 2354
5409 2354
5410 2354
5411 2354
5412 2354
5413 2354
5414 2355
5415 2355
5416 2355
5417 2355
5418 2356
5419 2356
5420 2356
5421 2356
5422 2356
5423 2357
5424 2357
5425 2357
5426 2358
5427 2358
5428 2358
5429 2358
5430 2359
5431 2359
5432 2359
5433 2360
5434 2361
5435 2361
5436 2361
5437 2361
5438 2361
5439 2361
5440 2361
5441 2361
5442 2361
5443 2362
5444 2362
5445 2362
5446 2362
5447 2363
5448 2363
5449 2364
5450 2364
5451 2364
5452 2364
5453 2364
5454 2364
5455 2365
5456 2365
5457 2366
5458 2367
5459 2367
5460 2368
5461 2368
5462 2369
5463 2369
5464 2369
5465 2369
5466 2370
5467 2370
5468 2370
5469 2370
5470 2370
5471 2371
5472 2371
5473 2371
5474 2371
5475 2371
5476 2371
5477 2371
5478 2372
5479 2372
5480 2373
5481 2373
5482 2373
5483 2373
5484 2373
5485 2373
5486 2373
5487 2373
5488 2374
5489 2374
5490 2374
5491 2374
5492 2374
5493 2374
5494 2375
5495 2376
5496 2376
5497 2377
5498 2377
5499 2377
5500 2377
5501 2377
5502 2377
5503 2378
5504 2378
5505 2378
5506 2378
5507 2379
5508 2379
5509 2379
5510 2379
5511 2380
5512 2380
5513 2381
5514 2381
5515 2381
5516 2381
5517 2381
5518 2381
5519 2381
5520 2382
5521 2382
5522 2382
5523 2382
5524 2382
5525 2382
5526 2383
5527 2383
5528 2383
5529 2383
5530 2383
5531 2384
5532 2384
5533 2384
5534 2384
5535 2384
5536 2385
5537 2386
5538 2386
5539 2386
5540 2386
5541 2386
5542 2386
5543 2386
5544 2386
5545 2387
5546 2388
5547 2388
5548 2388
5549 2389
5550 2389
5551 2390
5552 2390
5553 2390
5554 2390
5555 2390
5556 2390
5557 2391
5558 2391
5559 2391
5560 2391
5561 2391
5562 2391
5563 2391
5564 2391
5565 2392
5566 2392
5567 2392
5568 2392
5569 2392
5570 2392
5571 2392
5572 2392
5573 2392
5574 2392
5575 2392
5576 2393
5577 2393
5578 2394
5579 2394
5580 2394
5581 2394
5582 2395
5583 2395
5584 2395
5585 2396
5586 2396
5587 2396
5588 2396
5589 2396
5590 2396
5591 2397
5592 2397
5593 2397
5594 2398
5595 2398
5596 2399
5597 2399
5598 2399
5599 2399
5600 2399
5601 2400
5602 2400
5603 2400
5604 2400
5605 2400
5606 2400
5607 2401
5608 2401
5609 2401
5610 2401
5611 2401
5612 2402
5613 2403
5614 2404
5615 2404
5616 2405
5617 2406
5618 2406
5619 2406
5620 2406
5621 2406
5622 2407
5623 2407
5624 2407
5625 2407
5626 2408
5627 2408
5628 2408
5629 2408
5630 2408
5631 2408
5632 2408
5633 2408
5634 2409
5635 2409
5636 2410
5637 2410
5638 2410
5639 2410
5640 2411
5641 2411
5642 2411
5643 2411
5644 2411
5645 2412
5646 2412
5647 2412
5648 2413
5649 2413
5650 2414
5651 2414
5652 2414
5653 2414
5654 2415
5655 2415
5656 2415
5657 2415
5658 2415
5659 2415
5660 2415
5661 2416
5662 2416
5663 2416
5664 2416
5665 2416
5666 2416
5667 2417
5668 2417
5669 2417
5670 2417
5671 2417
5672 2417
5673 2417
5674 2417
5675 2417
5676 2417
5677 2417
5678 2418
5679 2418
5680 2419
5681 2419
5682 2419
5683 2419
5684 2420
5685 2420
5686 2420
5687 2421
5688 2421
5689 2421
5690 2421
5691 2422
5692 2422
5693 2422
5694 2422
5695 2422
5696 2422
5697 2422
5698 2423
5699 2423
5700 2423
5701 2423
5702 2424
5703 2424
5704 2424
5705 2425
5706 2425
5707 2425
5708 2425
5709 2426
5710 2426
5711 2426
5712 2426
5713 2426
5714 2427
5715 2427
5716 2428
5717 2428
5718 2428
5719 2429
5720 2429
5721 2429
5722 2429
5723 2429
5724 2430
5725 2430
5726 2431
5727 2431
5728 2431
5729 2431
5730 2432
5731 2432
5732 2433
5733 2433
5734 2433
5735 2433
5736 2433
5737 2433
5738 2433
5739 2433
5740 2434
5741 2434
5742 2435
5743 2435
5744 2436
5745 2436
5746 2436
5747 2437
5748 2437
5749 2437
5750 2437
5751 2437
5752 2437
5753 2437
5754 2437
5755 2437
5756 2438
5757 2438
5758 2438
5759 2438
5760 2438
5761 2438
5762 2438
5763 2438
5764 2438
5765 2438
5766 2438
5767 2439
5768 2439
5769 2439
5770 2439
5771 2439
5772 2439
5773 2440
5774 2440
5775 2440
5776 2440
5777 2440
5778 2440
5779 2441
5780 2441
5781 2441
5782 2441
5783 2441
5784 2441
5785 2441
5786 2441
5787 2442
5788 2442
5789 2442
5790 2442
5791 2442
5792 2442
5793 2442
5794 2442
5795 2442
5796 2442
5797 2443
5798 2443
5799 2443
5800 2443
5801 2443
5802 2443
5803 2443
5804 2443
5805 2443
5806 2444
5807 2444
5808 2444
5809 2444
5810 2444
5811 2444
5812 2444
5813 2444
5814 2445
5815 2445
5816 2445
5817 2445
5818 2445
5819 2445
5820 2445
5821 2445
5822 2445
5823 2446
5824 2446
5825 2447
5826 2447
5827 2447
5828 2447
5829 2447
5830 2447
5831 2447
5832 2447
5833 2448
5834 2448
5835 2448
5836 2448
5837 2448
5838 2448
5839 2448
5840 2448
5841 2448
5842 2449
5843 2449
5844 2449
5845 2449
5846 2449
5847 2449
5848 2449
5849 2449
5850 2450
5851 2450
5852 2450
5853 2450
5854 2450
5855 2451
5856 2451
5857 2451
5858 2451
5859 2451
5860 2451
5861 2451
5862 2451
5863 2451
5864 2452
5865 2452
5866 2453
5867 2453
5868 2453
5869 2454
5870 2454
5871 2454
5872 2454
5873 2454
5874 2454
5875 2454
5876 2455
5877 2455
5878 2455
5879 2455
5880 2455
5881 2455
5882 2455
5883 2455
5884 2456
5885 2456
5886 2456
5887 2456
5888 2456
5889 2456
5890 2456
5891 2456
5892 2456
5893 2456
5894 2457
5895 2457
5896 2457
5897 2457
5898 2457
5899 2457
5900 2457
5901 2457
5902 2457
5903 2457
5904 2457
5905 2457
5906 2457
5907 2458
5908 2458
5909 2458
5910 2458
5911 2458
5912 2458
5913 2458
5914 2458
5915 2458
5916 2458
5917 2458
5918 2458
5919 2458
5920 2458
5921 2458
5922 2458
5923 2458
5924 2458
5925 2459
5926 2459
5927 2459
5928 2459
5929 2459
5930 2459
5931 2460
5932 2460
5933 2460
5934 2460
5935 2460
5936 2460
5937 2460
5938 2460
5939 2461
5940 2461
5941 2461
5942 2461
5943 2461
5944 2461
5945 2461
5946 2461
5947 2461
5948 2461
5949 2461
5950 2461
5951 2462
5952 2462
5953 2462
5954 2462
5955 2462
5956 2462
5957 2463
5958 2463
5959 2463
5960 2463
5961 2463
5962 2463
5963 2464
5964 2464
5965 2464
5966 2464
5967 2464
5968 2464
5969 2465
5970 2465
5971 2465
5972 2465
5973 2465
5974 2465
5975 2465
5976 2465
5977 2465
5978 2465
5979 2466
5980 2466
5981 2466
5982 2466
5983 2466
5984 2466
5985 2467
5986 2467
5987 2467
5988 2467
5989 2468
5990 2468
5991 2468
5992 2468
5993 2468
5994 2468
5995 2468
5996 2468
5997 2468
5998 2468
5999 2468
6000 2468
6001 2468
6002 2469
6003 2469
6004 2469
6005 2470
6006 2470
6007 2471
6008 2471
6009 2471
6010 2472
6011 2472
6012 2473
6013 2473
6014 2474
6015 2474
6016 2475
6017 2475
6018 2476
6019 2476
6020 2477
6021 2477
6022 2478
6023 2478
6024 2479
6025 2479
6026 2480
6027 2480
6028 2481
6029 2481
6030 2482
6031 2482
6032 2483
6033 2483
6034 2484
6035 2484
6036 2485
6037 2486
6038 2486
6039 2487
6040 2487
6041 2488
6042 2488
6043 2489
6044 2489
6045 2490
6046 2490
6047 2491
6048 2491
6049 2492
6050 2492
6051 2492
6052 2493
6053 2494
6054 2494
6055 2495
6056 2495
6057 2496
6058 2496
6059 2497
6060 2498
6061 2499
6062 2499
6063 2500
6064 2500
6065 2501
6066 2501
6067 2502
6068 2502
6069 2503
6070 2504
6071 2504
6072 2505
6073 2505
6074 2505
6075 2506
6076 2506
6077 2507
6078 2507
6079 2508
6080 2508
6081 2509
6082 2509
6083 2510
6084 2510
6085 2510
6086 2510
6087 2511
6088 2511
6089 2512
6090 2512
6091 2513
6092 2513
6093 2514
6094 2514
6095 2515
6096 2515
6097 2516
6098 2516
6099 2517
6100 2517
6101 2518
6102 2518
6103 2519
6104 2520
6105 2520
6106 2520
6107 2520
6108 2521
6109 2521
6110 2522
6111 2522
6112 2523
6113 2523
6114 2524
6115 2524
6116 2525
6117 2525
6118 2526
6119 2526
6120 2527
6121 2528
6122 2528
6123 2529
6124 2529
6125 2530
6126 2530
6127 2530
6128 2530
6129 2531
6130 2531
6131 2532
6132 2532
6133 2533
6134 2533
6135 2534
6136 2534
6137 2535
6138 2535
6139 2535
6140 2535
6141 2536
6142 2536
6143 2537
6144 2537
6145 2538
6146 2539
6147 2539
6148 2540
6149 2540
6150 2541
6151 2541
6152 2542
6153 2542
6154 2543
6155 2544
6156 2545
6157 2545
6158 2546
6159 2546
6160 2547
6161 2547
6162 2547
6163 2547
6164 2548
6165 2548
6166 2549
6167 2550
6168 2551
6169 2551
6170 2552
6171 2552
6172 2553
6173 2554
6174 2555
6175 2556
6176 2556
6177 2557
6178 2558
6179 2559
6180 2559
6181 2560
6182 2560
6183 2561
6184 2561
6185 2562
6186 2563
6187 2564
6188 2564
6189 2565
6190 2565
6191 2566
6192 2567
6193 2567
6194 2568
6195 2568
6196 2569
6197 2569
6198 2570
6199 2570
6200 2571
6201 2571
6202 2572
6203 2572
6204 2573
6205 2573
6206 2574
6207 2574
6208 2575
6209 2575
6210 2576
6211 2576
6212 2577
6213 2577
6214 2578
6215 2578
6216 2579
6217 2579
6218 2580
6219 2580
6220 2581
6221 2581
6222 2582
6223 2582
6224 2583
6225 2583
6226 2584
6227 2584
6228 2585
6229 2585
6230 2586
6231 2586
6232 2587
6233 2587
6234 2588
6235 2588
6236 2589
6237 2589
6238 2590
6239 2591
6240 2591
6241 2592
6242 2592
6243 2593
6244 2593
6245 2594
6246 2594
6247 2595
6248 2596
6249 2596
6250 2597
6251 2597
6252 2598
6253 2598
6254 2599
6255 2600
6256 2600
6257 2601
6258 2601
6259 2602
6260 2602
6261 2603
6262 2603
6263 2604
6264 2604
6265 2605
6266 2605
6267 2606
6268 2606
6269 2607
6270 2607
6271 2608
6272 2608
6273 2609
6274 2609
6275 2610
6276 2610
6277 2611
6278 2611
6279 2612
6280 2612
6281 2613
6282 2613
6283 2614
6284 2614
6285 2615
6286 2615
6287 2616
6288 2616
6289 2617
6290 2617
6291 2618
6292 2618
6293 2619
6294 2619
6295 2620
6296 2620
6297 2621
6298 2621
6299 2622
6300 2622
6301 2623
6302 2623
6303 2624
6304 2624
6305 2625
6306 2626
6307 2627
6308 2627
6309 2628
6310 2628
6311 2629
6312 2630
6313 2630
6314 2631
6315 2631
6316 2632
6317 2632
6318 2633
6319 2633
6320 2634
6321 2634
6322 2635
6323 2635
6324 2636
6325 2636
6326 2637
6327 2637
6328 2638
6329 2638
6330 2639
6331 2639
6332 2640
6333 2640
6334 2641
6335 2641
6336 2642
6337 2642
6338 2643
6339 2643
6340 2644
6341 2645
6342 2646
6343 2646
6344 2647
6345 2647
6346 2648
6347 2648
6348 2649
6349 2649
6350 2650
6351 2650
6352 2651
6353 2651
6354 2652
6355 2653
6356 2653
6357 2654
6358 2654
6359 2655
6360 2655
6361 2656
6362 2656
6363 2656
6364 2656
6365 2657
6366 2657
6367 2657
6368 2657
6369 2657
6370 2657
6371 2658
6372 2658
6373 2658
6374 2658
6375 2659
6376 2660
6377 2660
6378 2661
6379 2661
6380 2662
6381 2662
6382 2663
6383 2663
6384 2664
6385 2664
6386 2665
6387 2665
6388 2666
6389 2666
6390 2667
6391 2668
6392 2668
6393 2669
6394 2669
6395 2670
6396 2670
6397 2671
6398 2671
6399 2672
6400 2672
6401 2673
6402 2673
6403 2674
6404 2674
6405 2674
6406 2674
6407 2675
6408 2675
6409 2676
6410 2676
6411 2676
6412 2677
6413 2677
6414 2678
6415 2678
6416 2679
6417 2679
6418 2680
6419 2680
6420 2681
6421 2682
6422 2682
6423 2682
6424 2682
6425 2682
6426 2683
6427 2683
6428 2683
6429 2683
6430 2684
6431 2684
6432 2685
6433 2685
6434 2686
6435 2686
6436 2687
6437 2688
6438 2688
6439 2689
6440 2689
6441 2690
6442 2690
6443 2690
6444 2691
6445 2692
6446 2692
6447 2692
6448 2692
6449 2693
6450 2694
6451 2694
6452 2695
6453 2695
6454 2696
6455 2696
6456 2697
6457 2697
6458 2698
6459 2698
6460 2699
6461 2699
6462 2700
6463 2701
6464 2701
6465 2702
6466 2702
6467 2702
6468 2702
6469 2702
6470 2703
6471 2703
6472 2703
6473 2703
6474 2704
6475 2704
6476 2705
6477 2705
6478 2706
6479 2706
6480 2706
6481 2707
6482 2708
6483 2709
6484 2709
6485 2710
6486 2710
6487 2710
6488 2710
6489 2710
6490 2710
6491 2711
6492 2711
6493 2712
6494 2712
6495 2713
6496 2713
6497 2714
6498 2714
6499 2715
6500 2715
6501 2715
6502 2716
6503 2716
6504 2717
6505 2717
6506 2718
6507 2718
6508 2719
6509 2719
6510 2720
6511 2720
6512 2720
6513 2720
6514 2721
6515 2721
6516 2721
6517 2721
6518 2722
6519 2722
6520 2723
6521 2723
6522 2724
6523 2724
6524 2725
6525 2725
6526 2726
6527 2726
6528 2727
6529 2727
6530 2728
6531 2728
6532 2729
6533 2729
6534 2730
6535 2730
6536 2731
6537 2731
6538 2732
6539 2732
6540 2733
6541 2733
6542 2734
6543 2734
6544 2734
6545 2734
6546 2734
6547 2735
6548 2735
6549 2736
6550 2736
6551 2737
6552 2737
6553 2738
6554 2739
6555 2739
6556 2740
6557 2740
6558 2741
6559 2741
6560 2741
6561 2742
6562 2742
6563 2743
6564 2743
6565 2744
6566 2745
6567 2745
6568 2746
6569 2747
6570 2747
6571 2748
6572 2749
6573 2749
6574 2750
6575 2750
6576 2751
6577 2751
6578 2752
6579 2752
6580 2753
6581 2753
6582 2753
6583 2754
6584 2754
6585 2755
6586 2755
6587 2755
6588 2756
6589 2756
6590 2757
6591 2757
6592 2757
6593 2758
6594 2758
6595 2759
6596 2759
6597 2760
6598 2760
6599 2761
6600 2761
6601 2762
6602 2762
6603 2762
6604 2762
6605 2763
6606 2763
6607 2763
6608 2763
6609 2763
6610 2764
6611 2764
6612 2765
6613 2765
6614 2766
6615 2766
6616 2767
6617 2767
6618 2767
6619 2768
6620 2768
6621 2769
6622 2769
6623 2770
6624 2770
6625 2770
6626 2771
6627 2771
6628 2771
6629 2771
6630 2772
6631 2772
6632 2773
6633 2773
6634 2774
6635 2774
6636 2774
6637 2774
6638 2774
6639 2774
6640 2775
6641 2775
6642 2776
6643 2776
6644 2777
6645 2777
6646 2777
6647 2778
6648 2778
6649 2778
6650 2778
6651 2779
6652 2779
6653 2780
6654 2780
6655 2781
6656 2782
6657 2782
6658 2783
6659 2783
6660 2784
6661 2784
6662 2785
6663 2785
6664 2786
6665 2787
6666 2787
6667 2788
6668 2788
6669 2789
6670 2789
6671 2790
6672 2790
6673 2791
6674 2791
6675 2792
6676 2792
6677 2792
6678 2792
6679 2793
6680 2793
6681 2794
6682 2795
6683 2795
6684 2796
6685 2797
6686 2798
6687 2799
6688 2800
6689 2801
6690 2802
6691 2803
6692 2804
6693 2804
6694 2805
6695 2805
6696 2806
6697 2806
6698 2807
6699 2807
6700 2808
6701 2808
6702 2808
6703 2808
6704 2808
6705 2808
6706 2809
6707 2809
6708 2810
6709 2810
6710 2810
6711 2810
6712 2811
6713 2811
6714 2812
6715 2812
6716 2813
6717 2813
6718 2814
6719 2814
6720 2815
6721 2815
6722 2816
6723 2816
6724 2817
6725 2817
6726 2818
6727 2818
6728 2819
6729 2819
6730 2820
6731 2820
6732 2820
6733 2821
6734 2822
6735 2822
6736 2823
6737 2823
6738 2824
6739 2825
6740 2825
6741 2826
6742 2826
6743 2827
6744 2827
6745 2828
6746 2829
6747 2829
6748 2830
6749 2830
6750 2831
6751 2831
6752 2831
6753 2831
6754 2832
6755 2832
6756 2832
6757 2832
6758 2833
6759 2833
6760 2834
6761 2834
6762 2835
6763 2835
6764 2836
6765 2836
6766 2837
6767 2837
6768 2838
6769 2838
6770 2839
6771 2839
6772 2840
6773 2840
6774 2841
6775 2841
6776 2842
6777 2842
6778 2843
6779 2843
6780 2844
6781 2844
6782 2845
6783 2845
6784 2845
6785 2846
6786 2846
6787 2847
6788 2847
6789 2848
6790 2848
6791 2849
6792 2849
6793 2850
6794 2850
6795 2851
6796 2851
6797 2852
6798 2852
6799 2853
6800 2853
6801 2854
6802 2854
6803 2855
6804 2855
6805 2856
6806 2856
6807 2857
6808 2857
6809 2858
6810 2858
6811 2859
6812 2860
6813 2860
6814 2861
6815 2861
6816 2862
6817 2862
6818 2863
6819 2863
6820 2864
6821 2864
6822 2865
6823 2865
6824 2866
6825 2866
6826 2867
6827 2867
6828 2868
6829 2868
6830 2869
6831 2869
6832 2870
6833 2870
6834 2871
6835 2872
6836 2872
6837 2873
6838 2873
6839 2874
6840 2874
6841 2875
6842 2875
6843 2876
6844 2876
6845 2876
6846 2877
6847 2877
6848 2877
6849 2878
6850 2879
6851 2879
6852 2880
6853 2880
6854 2881
6855 2882
6856 2882
6857 2883
6858 2883
6859 2884
6860 2884
6861 2885
6862 2885
6863 2886
6864 2886
6865 2887
6866 2887
6867 2888
6868 2888
6869 2889
6870 2889
6871 2890
6872 2890
6873 2891
6874 2891
6875 2892
6876 2892
6877 2893
6878 2893
6879 2894
6880 2894
6881 2894
6882 2895
6883 2895
6884 2896
6885 2896
6886 2897
6887 2897
6888 2898
6889 2898
6890 2899
6891 2899
6892 2900
6893 2900
6894 2901
6895 2902
6896 2902
6897 2903
6898 2903
6899 2904
6900 2904
6901 2905
6902 2905
6903 2906
6904 2906
6905 2907
6906 2907
6907 2907
6908 2907
6909 2907
6910 2907
6911 2908
6912 2908
6913 2908
6914 2908
6915 2908
6916 2908
6917 2909
6918 2909
6919 2909
6920 2909
6921 2910
6922 2910
6923 2910
6924 2910
6925 2910
6926 2910
6927 2910
6928 2910
6929 2910
6930 2910
6931 2911
6932 2911
6933 2911
6934 2911
6935 2911
6936 2911
6937 2912
6938 2912
6939 2912
6940 2912
6941 2912
6942 2912
6943 2912
6944 2912
6945 2913
6946 2913
6947 2913
6948 2913
6949 2914
6950 2914
6951 2914
6952 2914
6953 2914
6954 2914
6955 2914
6956 2915
6957 2915
6958 2916
6959 2916
6960 2916
6961 2916
6962 2916
6963 2917
6964 2917
6965 2917
6966 2917
6967 2917
6968 2917
6969 2917
6970 2917
6971 2917
6972 2917
6973 2918
6974 2918
6975 2918
6976 2918
6977 2918
6978 2918
6979 2918
6980 2919
6981 2919
6982 2920
6983 2920
6984 2920
6985 2921
6986 2921
6987 2921
6988 2921
6989 2922
6990 2922
6991 2922
6992 2922
6993 2922
6994 2922
6995 2923
6996 2923
6997 2923
6998 2923
6999 2924
7000 2924
7001 2924
7002 2924
7003 2924
7004 2925
7005 2925
7006 2925
7007 2925
7008 2926
7009 2926
7010 2926
7011 2926
7012 2927
7013 2927
7014 2927
7015 2927
7016 2928
7017 2928
7018 2928
7019 2928
7020 2928
7021 2928
7022 2929
7023 2929
7024 2929
7025 2929
7026 2929
7027 2930
7028 2930
7029 2930
7030 2930
7031 2930
7032 2930
7033 2930
7034 2931
7035 2931
7036 2932
7037 2932
7038 2932
7039 2932
7040 2933
7041 2933
7042 2933
7043 2933
7044 2933
7045 2933
7046 2934
7047 2934
7048 2934
7049 2934
7050 2935
7051 2935
7052 2935
7053 2935
7054 2935
7055 2935
7056 2935
7057 2935
7058 2936
7059 2936
7060 2937
7061 2937
7062 2937
7063 2938
7064 2938
7065 2938
7066 2938
7067 2938
7068 2938
7069 2938
7070 2938
7071 2938
7072 2939
7073 2939
7074 2939
7075 2939
7076 2940
7077 2940
7078 2940
7079 2940
7080 2940
7081 2940
7082 2940
7083 2940
7084 2941
7085 2941
7086 2941
7087 2941
7088 2941
7089 2941
7090 2942
7091 2942
7092 2942
7093 2942
7094 2942
7095 2942
7096 2942
7097 2942
7098 2943
7099 2943
7100 2943
7101 2943
7102 2944
7103 2944
7104 2944
7105 2944
7106 2944
7107 2944
7108 2944
7109 2944
7110 2944
7111 2944
7112 2945
7113 2945
7114 2945
7115 2945
7116 2945
7117 2946
7118 2947
7119 2947
7120 2947
7121 2947
7122 2948
7123 2948
7124 2948
7125 2948
7126 2948
7127 2948
7128 2949
7129 2949
7130 2949
7131 2949
7132 2949
7133 2949
7134 2950
7135 2950
7136 2950
7137 2950
7138 2950
7139 2951
7140 2951
7141 2952
7142 2952
7143 2952
7144 2952
7145 2953
7146 2953
7147 2953
7148 2953
7149 2954
7150 2954
7151 2954
7152 2954
7153 2954
7154 2954
7155 2954
7156 2954
7157 2954
7158 2955
7159 2955
7160 2955
7161 2955
7162 2956
7163 2956
7164 2956
7165 2956
7166 2956
7167 2956
7168 2956
7169 2956
7170 2956
7171 2956
7172 2957
7173 2957
7174 2958
7175 2958
7176 2958
7177 2958
7178 2958
7179 2958
7180 2958
7181 2959
7182 2959
7183 2959
7184 2959
7185 2959
7186 2959
7187 2959
7188 2959
7189 2960
7190 2960
7191 2960
7192 2960
7193 2960
7194 2960
7195 2960
7196 2960
7197 2961
7198 2961
7199 2962
7200 2962
7201 2962
7202 2963
7203 2963
7204 2963
7205 2964
7206 2964
7207 2964
7208 2964
7209 2964
7210 2964
7211 2965
7212 2965
7213 2965
7214 2965
7215 2965
7216 2965
7217 2965
7218 2966
7219 2966
7220 2966
7221 2966
7222 2966
7223 2966
7224 2967
7225 2967
7226 2967
7227 2967
7228 2968
7229 2968
7230 2968
7231 2968
7232 2968
7233 2969
7234 2969
7235 2969
7236 2969
7237 2969
7238 2970
7239 2970
7240 2970
7241 2970
7242 2970
7243 2970
7244 2971
7245 2971
7246 2972
7247 2972
7248 2972
7249 2972
7250 2972
7251 2973
7252 2973
7253 2974
7254 2974
7255 2975
7256 2975
7257 2975
7258 2975
7259 2976
7260 2976
7261 2977
7262 2977
7263 2977
7264 2977
7265 2977
7266 2978
7267 2978
7268 2978
7269 2978
7270 2979
7271 2979
7272 2979
7273 2979
7274 2979
7275 2979
7276 2979
7277 2979
7278 2979
7279 2980
7280 2980
7281 2980
7282 2980
7283 2980
7284 2980
7285 2980
7286 2981
7287 2981
7288 2981
7289 2981
7290 2981
7291 2981
7292 2981
7293 2981
7294 2981
7295 2982
7296 2982
7297 2982
7298 2982
7299 2982
7300 2983
7301 2983
7302 2983
7303 2983
7304 2983
7305 2984
7306 2984
7307 2984
7308 2984
7309 2985
7310 2985
7311 2985
7312 2985
7313 2985
7314 2985
7315 2985
7316 2985
7317 2985
7318 2985
7319 2986
7320 2986
7321 2986
7322 2986
7323 2987
7324 2987
7325 2987
7326 2987
7327 2988
7328 2988
7329 2988
7330 2988
7331 2988
7332 2988
7333 2989
7334 2989
7335 2989
7336 2990
7337 2990
7338 2990
7339 2990
7340 2990
7341 2991
7342 2991
7343 2992
7344 2992
7345 2992
7346 2992
7347 2992
7348 2992
7349 2992
7350 2992
7351 2992
7352 2992
7353 2992
7354 2992
7355 2993
7356 2993
7357 2993
7358 2993
7359 2994
7360 2994
7361 2994
7362 2994
7363 2995
7364 2995
7365 2995
7366 2995
7367 2995
7368 2995
7369 2996
7370 2996
7371 2996
7372 2996
7373 2996
7374 2997
7375 2997
7376 2997
7377 2997
7378 2997
7379 2997
7380 2998
7381 2998
7382 2998
7383 2999
7384 2999
7385 2999
7386 2999
7387 2999
7388 2999
7389 2999
7390 3000
7391 3000
7392 3000
7393 3000
7394 3000
7395 3001
7396 3001
7397 3001
7398 3001
7399 3002
7400 3002
7401 3002
7402 3002
7403 3002
7404 3002
7405 3002
7406 3002
7407 3002
7408 3003
7409 3003
7410 3003
7411 3004
7412 3004
7413 3004
7414 3004
7415 3005
7416 3005
7417 3005
7418 3005
7419 3005
7420 3006
7421 3006
7422 3006
7423 3006
7424 3006
7425 3006
7426 3006
7427 3006
7428 3006
7429 3007
7430 3007
7431 3007
7432 3007
7433 3007
7434 3007
7435 3007
7436 3007
7437 3007
7438 3007
7439 3007
7440 3007
7441 3007
7442 3008
7443 3008
7444 3009
7445 3009
7446 3009
7447 3009
7448 3009
7449 3009
7450 3010
7451 3010
7452 3010
7453 3010
7454 3010
7455 3010
7456 3010
7457 3010
7458 3011
7459 3011
7460 3011
7461 3012
7462 3012
7463 3012
7464 3012
7465 3013
7466 3013
7467 3013
7468 3013
7469 3014
7470 3014
7471 3014
7472 3014
7473 3014
7474 3015
7475 3015
7476 3015
7477 3015
7478 3015
7479 3015
7480 3015
7481 3016
7482 3016
7483 3017
7484 3017
7485 3017
7486 3017
7487 3017
7488 3017
7489 3018
7490 3018
7491 3018
7492 3018
7493 3019
7494 3020
7495 3020
7496 3020
7497 3020
7498 3020
7499 3020
7500 3020
7501 3021
7502 3021
7503 3022
7504 3022
7505 3022
7506 3022
7507 3023
7508 3023
7509 3023
7510 3023
7511 3024
7512 3024
7513 3024
7514 3024
7515 3024
7516 3025
7517 3025
7518 3025
7519 3025
7520 3025
7521 3025
7522 3026
7523 3026
7524 3026
7525 3026
7526 3026
7527 3027
7528 3027
7529 3027
7530 3027
7531 3027
7532 3027
7533 3028
7534 3028
7535 3028
7536 3028
7537 3028
7538 3028
7539 3028
7540 3028
7541 3029
7542 3029
7543 3029
7544 3029
7545 3029
7546 3029
7547 3029
7548 3029
7549 3029
7550 3029
7551 3030
7552 3030
7553 3030
7554 3030
7555 3031
7556 3031
7557 3031
7558 3031
7559 3032
7560 3032
7561 3032
7562 3032
7563 3032
7564 3032
7565 3032
7566 3032
7567 3032
7568 3032
7569 3033
7570 3033
7571 3033
7572 3033
7573 3033
7574 3034
7575 3034
7576 3034
7577 3034
7578 3035
7579 3035
7580 3035
7581 3035
7582 3036
7583 3036
7584 3036
7585 3036
7586 3037
7587 3037
7588 3037
7589 3037
7590 3037
7591 3038
7592 3038
7593 3038
7594 3038
7595 3038
7596 3038
7597 3039
7598 3039
7599 3039
7600 3039
7601 3040
7602 3040
7603 3040
7604 3040
7605 3041
7606 3041
7607 3041
7608 3041
7609 3041
7610 3041
7611 3041
7612 3041
7613 3041
7614 3042
7615 3042
7616 3042
7617 3042
7618 3043
7619 3043
7620 3043
7621 3043
7622 3043
7623 3043
7624 3044
7625 3044
7626 3044
7627 3044
7628 3044
7629 3045
7630 3045
7631 3045
7632 3045
7633 3045
7634 3045
7635 3046
7636 3046
7637 3046
7638 3046
7639 3046
7640 3047
7641 3047
7642 3047
7643 3047
7644 3047
7645 3047
7646 3047
7647 3047
7648 3047
7649 3048
7650 3048
7651 3048
7652 3048
7653 3048
7654 3048
7655 3049
7656 3049
7657 3049
7658 3050
7659 3050
7660 3051
7661 3051
7662 3051
7663 3052
7664 3053
7665 3054
7666 3054
7667 3054
7668 3054
7669 3054
7670 3054
7671 3054
7672 3054
7673 3055
7674 3055
7675 3055
7676 3055
7677 3055
7678 3055
7679 3055
7680 3055
7681 3055
7682 3055
7683 3055
7684 3056
7685 3056
7686 3056
7687 3057
7688 3057
7689 3057
7690 3057
7691 3058
7692 3058
7693 3058
7694 3058
7695 3059
7696 3059
7697 3059
7698 3059
7699 3059
7700 3059
7701 3059
7702 3059
7703 3060
7704 3060
7705 3061
7706 3061
7707 3061
7708 3061
7709 3061
7710 3061
7711 3061
7712 3061
7713 3061
7714 3062
7715 3062
7716 3062
7717 3062
7718 3062
7719 3062
7720 3063
7721 3063
7722 3063
7723 3063
7724 3063
7725 3063
7726 3063
7727 3064
7728 3064
7729 3064
7730 3064
7731 3064
7732 3064
7733 3065
7734 3065
7735 3065
7736 3066
7737 3066
7738 3066
7739 3067
7740 3067
7741 3067
7742 3067
7743 3067
7744 3068
7745 3068
7746 3068
7747 3068
7748 3069
7749 3069
7750 3070
7751 3070
7752 3070
7753 3071
7754 3071
7755 3071
7756 3071
7757 3071
7758 3071
7759 3071
7760 3071
7761 3072
7762 3072
7763 3073
7764 3073
7765 3073
7766 3073
7767 3074
7768 3074
7769 3074
7770 3074
7771 3075
7772 3076
7773 3076
7774 3077
7775 3077
7776 3078
7777 3078
7778 3079
7779 3079
7780 3080
7781 3081
7782 3082
7783 3082
7784 3082
7785 3082
7786 3083
7787 3083
7788 3084
7789 3084
7790 3084
7791 3084
7792 3084
7793 3085
7794 3085
7795 3086
7796 3087
7797 3087
7798 3087
7799 3087
7800 3088
7801 3088
7802 3089
7803 3089
7804 3089
7805 3090
7806 3091
7807 3091
7808 3091
7809 3092
7810 3092
7811 3093
7812 3093
7813 3094
7814 3094
7815 3095
7816 3095
7817 3096
7818 3096
7819 3097
7820 3097
7821 3098
7822 3098
7823 3098
7824 3099
7825 3099
7826 3100
7827 3100
7828 3101
7829 3102
7830 3102
7831 3103
7832 3103
7833 3104
7834 3104
7835 3105
7836 3105
7837 3106
7838 3106
7839 3107
7840 3107
7841 3108
7842 3109
7843 3110
7844 3110
7845 3110
7846 3110
7847 3110
7848 3110
7849 3111
7850 3111
7851 3112
7852 3112
7853 3113
7854 3114
7855 3114
7856 3115
7857 3115
7858 3116
7859 3116
7860 3117
7861 3117
7862 3118
7863 3118
7864 3119
7865 3119
7866 3120
7867 3120
7868 3121
7869 3122
7870 3122
7871 3122
7872 3123
7873 3123
7874 3124
7875 3124
7876 3125
7877 3125
7878 3126
7879 3127
7880 3127
7881 3128
7882 3128
7883 3129
7884 3129
7885 3130
7886 3130
7887 3130
7888 3130
7889 3131
7890 3131
7891 3132
7892 3132
7893 3133
7894 3133
7895 3134
7896 3134
7897 3135
7898 3136
7899 3137
7900 3137
7901 3138
7902 3138
7903 3139
7904 3139
7905 3140
7906 3140
7907 3141
7908 3141
7909 3142
7910 3142
7911 3143
7912 3143
7913 3144
7914 3144
7915 3145
7916 3145
7917 3146
7918 3146
7919 3146
7920 3146
7921 3147
7922 3147
7923 3148
7924 3148
7925 3149
7926 3149
7927 3150
7928 3150
7929 3150
7930 3150
7931 3151
7932 3151
7933 3152
7934 3153
7935 3153
7936 3154
7937 3154
7938 3155
7939 3155
7940 3156
7941 3156
7942 3157
7943 3157
7944 3158
7945 3159
7946 3159
7947 3160
7948 3160
7949 3161
7950 3161
7951 3162
7952 3162
7953 3163
7954 3163
7955 3164
7956 3165
7957 3165
7958 3166
7959 3166
7960 3167
7961 3167
7962 3168
7963 3168
7964 3169
7965 3169
7966 3170
7967 3170
7968 3171
7969 3171
7970 3171
7971 3171
7972 3172
7973 3172
7974 3173
7975 3173
7976 3174
7977 3174
7978 3175
7979 3175
7980 3175
7981 3176
7982 3176
7983 3177
7984 3177
7985 3178
7986 3178
7987 3179
7988 3179
7989 3180
7990 3180
7991 3181
7992 3181
7993 3182
7994 3182
7995 3183
7996 3183
7997 3184
7998 3184
7999 3185
8000 3185
8001 3185
8002 3185
8003 3185
8004 3185
8005 3185
8006 3186
8007 3186
8008 3187
8009 3187
8010 3188
8011 3188
8012 3189
8013 3189
8014 3189
8015 3190
8016 3190
8017 3191
8018 3191
8019 3192
8020 3193
8021 3193
8022 3194
8023 3194
8024 3195
8025 3195
8026 3196
8027 3196
8028 3197
8029 3197
8030 3197
8031 3198
8032 3198
8033 3199
8034 3199
8035 3200
8036 3200
8037 3201
8038 3201
8039 3202
8040 3202
8041 3203
8042 3203
8043 3204
8044 3204
8045 3205
8046 3205
8047 3206
8048 3206
8049 3207
8050 3207
8051 3208
8052 3208
8053 3208
8054 3208
8055 3209
8056 3209
8057 3210
8058 3211
8059 3211
8060 3211
8061 3211
8062 3212
8063 3212
8064 3213
8065 3213
8066 3214
8067 3214
8068 3215
8069 3215
8070 3216
8071 3216
8072 3217
8073 3217
8074 3218
8075 3218
8076 3218
8077 3218
8078 3219
8079 3219
8080 3220
8081 3220
8082 3221
8083 3221
8084 3222
8085 3223
8086 3223
8087 3224
8088 3224
8089 3225
8090 3225
8091 3225
8092 3226
8093 3226
8094 3227
8095 3227
8096 3228
8097 3228
8098 3229
8099 3229
8100 3230
8101 3230
8102 3231
8103 3231
8104 3232
8105 3232
8106 3233
8107 3233
8108 3234
8109 3235
8110 3235
8111 3236
8112 3236
8113 3237
8114 3237
8115 3238
8116 3238
8117 3239
8118 3239
8119 3240
8120 3240
8121 3240
8122 3240
8123 3240
8124 3240
8125 3241
8126 3241
8127 3241
8128 3242
8129 3242
8130 3242
8131 3243
8132 3243
8133 3243
8134 3243
8135 3244
8136 3244
8137 3244
8138 3244
8139 3244
8140 3245
8141 3245
8142 3246
8143 3246
8144 3247
8145 3248
8146 3249
8147 3249
8148 3250
8149 3250
8150 3251
8151 3251
8152 3252
8153 3252
8154 3253
8155 3253
8156 3254
8157 3254
8158 3255
8159 3255
8160 3256
8161 3256
8162 3257
8163 3257
8164 3258
8165 3258
8166 3259
8167 3259
8168 3260
8169 3260
8170 3261
8171 3261
8172 3262
8173 3262
8174 3262
8175 3262
8176 3262
8177 3262
8178 3263
8179 3263
8180 3263
8181 3263
8182 3264
8183 3265
8184 3266
8185 3266
8186 3266
8187 3267
8188 3267
8189 3268
8190 3268
8191 3269
8192 3269
8193 3270
8194 3271
8195 3271
8196 3272
8197 3272
8198 3273
8199 3273
8200 3274
8201 3274
8202 3275
8203 3275
8204 3276
8205 3276
8206 3277
8207 3278
8208 3279
8209 3280
8210 3281
8211 3282
8212 3283
8213 3284
8214 3285
8215 3286
8216 3287
8217 3288
8218 3289
8219 3289
8220 3290
8221 3290
8222 3290
8223 3290
8224 3291
8225 3291
8226 3292
8227 3292
8228 3293
8229 3293
8230 3294
8231 3294
8232 3295
8233 3296
8234 3296
8235 3297
8236 3297
8237 3298
8238 3298
8239 3299
8240 3299
8241 3300
8242 3301
8243 3301
8244 3302
8245 3302
8246 3303
8247 3303
8248 3304
8249 3304
8250 3304
8251 3305
8252 3305
8253 3306
8254 3306
8255 3307
8256 3307
8257 3308
8258 3308
8259 3309
8260 3310
8261 3310
8262 3311
8263 3312
8264 3312
8265 3313
8266 3314
8267 3315
8268 3316
8269 3316
8270 3317
8271 3317
8272 3318
8273 3319
8274 3319
8275 3320
8276 3320
8277 3321
8278 3322
8279 3322
8280 3323
8281 3323
8282 3324
8283 3324
8284 3325
8285 3325
8286 3326
8287 3326
8288 3327
8289 3328
8290 3328
8291 3329
8292 3329
8293 3330
8294 3330
8295 3331
8296 3331
8297 3332
8298 3332
8299 3333
8300 3333
8301 3334
8302 3334
8303 3335
8304 3336
8305 3336
8306 3336
8307 3337
8308 3337
8309 3338
8310 3338
8311 3339
8312 3339
8313 3340
8314 3340
8315 3341
8316 3341
8317 3342
8318 3342
8319 3343
8320 3343
8321 3344
8322 3345
8323 3345
8324 3346
8325 3346
8326 3347
8327 3347
8328 3348
8329 3348
8330 3349
8331 3349
8332 3350
8333 3351
8334 3351
8335 3352
8336 3352
8337 3353
8338 3354
8339 3354
8340 3355
8341 3355
8342 3356
8343 3357
8344 3357
8345 3358
8346 3358
8347 3359
8348 3359
8349 3360
8350 3360
8351 3361
8352 3361
8353 3362
8354 3362
8355 3363
8356 3363
8357 3364
8358 3364
